 nbmag=          65
 thetain,bmagin=
  -3.1415926535897931        1.2243592676811381     
  -3.0427477896671946        1.2230212331091657     
  -2.9439285501054973        1.2190398063058139     
  -2.8451595936631846        1.2125114027436250     
  -2.7464636821562287        1.2035914693953718     
  -2.6478608167371842        1.1924870834882879     
  -2.5493674733184357        1.1794474613887842     
  -2.4509959658725777        1.1647531128101085     
  -2.3527539625554383        1.1487044205522199     
  -2.2546441747987385        1.1316103891756528     
  -2.1566642337341237        1.1137782028853971     
  -2.0588067616245538        1.0955040858922747     
  -1.9610596385610923        1.0770657919245850     
  -1.8634064567923381        1.0587168852001634     
  -1.7658271470396054        1.0406828295598616     
  -1.6682987534376859        1.0231587857180373     
  -1.5707963267948959        1.0063089327412618     
  -1.4732939001521059       0.99026707814447423     
  -1.3757655065501866       0.97513829742803115     
  -1.2781861967974539       0.96100134287010797     
  -1.1805330150286999       0.94791157692884209     
  -1.0827858919652384       0.93590421208745778     
 -0.98492841985566848       0.92499767160759472     
 -0.88694847879105398       0.91519692062339086     
 -0.78883869103435400       0.90649665143489477     
 -0.69059668771721483       0.89888423869904677     
 -0.59222518027135751       0.89234240812584031     
 -0.49373183685260857       0.88685158549522691     
 -0.39512897143356418       0.88239191100956693     
 -0.29643305992660868       0.87894491724105928     
 -0.19766410348429567       0.87649487755496558     
  -9.8844863922598405E-002  0.87502983641446797     
  -1.7406329009703828E-016  0.87454233405795556     
   9.8844863922598059E-002  0.87502983641446797     
  0.19766410348429481       0.87649487755496558     
  0.29643305992660834       0.87894491724105928     
  0.39512897143356335       0.88239191100956693     
  0.49373183685260824       0.88685158549522691     
  0.59222518027135718       0.89234240812584031     
  0.69059668771721450       0.89888423869904677     
  0.78883869103435356       0.90649665143489477     
  0.88694847879105287       0.91519692062339086     
  0.98492841985566737       0.92499767160759472     
   1.0827858919652373       0.93590421208745778     
   1.1805330150286990       0.94791157692884209     
   1.2781861967974528       0.96100134287010797     
   1.3757655065501857       0.97513829742803115     
   1.4732939001521055       0.99026707814447423     
   1.5707963267948952        1.0063089327412618     
   1.6682987534376850        1.0231587857180373     
   1.7658271470396047        1.0406828295598616     
   1.8634064567923374        1.0587168852001634     
   1.9610596385610917        1.0770657919245850     
   2.0588067616245538        1.0955040858922747     
   2.1566642337341229        1.1137782028853971     
   2.2546441747987376        1.1316103891756528     
   2.3527539625554379        1.1487044205522199     
   2.4509959658725782        1.1647531128101085     
   2.5493674733184353        1.1794474613887842     
   2.6478608167371842        1.1924870834882879     
   2.7464636821562292        1.2035914693953718     
   2.8451595936631837        1.2125114027436250     
   2.9439285501054977        1.2190398063058139     
   3.0427477896671946        1.2230212331091657     
   3.1415926535897927        1.2243592676811381     
 alknob=   0.0000000000000000     
 epsknob=   1.0000000000000001E-005
 bpknob=   1.0000000000000000E-008
 extrknob=   0.0000000000000000     
 thetamax=   0.0000000000000000     
 deltaw,widthw=   0.0000000000000000        1.0000000000000000     
 tension=   1.0000000000000000     
 ntheta,nlambda=          64          33
#gg4init - input grid - thetain bmagin 
    1  -3.14159265358979312       1.22435926768113812    
    2  -3.04274778966719461       1.22302123310916566    
    3  -2.94392855010549725       1.21903980630581388    
    4  -2.84515959366318461       1.21251140274362501    
    5  -2.74646368215622871       1.20359146939537176    
    6  -2.64786081673718421       1.19248708348828791    
    7  -2.54936747331843572       1.17944746138878420    
    8  -2.45099596587257773       1.16475311281010852    
    9  -2.35275396255543834       1.14870442055221988    
   10  -2.25464417479873847       1.13161038917565282    
   11  -2.15666423373412375       1.11377820288539708    
   12  -2.05880676162455378       1.09550408589227466    
   13  -1.96105963856109233       1.07706579192458496    
   14  -1.86340645679233807       1.05871688520016338    
   15  -1.76582714703960542       1.04068282955986158    
   16  -1.66829875343768586       1.02315878571803731    
   17  -1.57079632679489589       1.00630893274126176    
   18  -1.47329390015210593      0.990267078144474233    
   19  -1.37576550655018659      0.975138297428031153    
   20  -1.27818619679745393      0.961001342870107966    
   21  -1.18053301502869989      0.947911576928842092    
   22  -1.08278589196523845      0.935904212087457776    
   23 -0.984928419855668480      0.924997671607594718    
   24 -0.886948478791053985      0.915196920623390864    
   25 -0.788838691034354000      0.906496651434894773    
   26 -0.690596687717214830      0.898884238699046767    
   27 -0.592225180271357510      0.892342408125840314    
   28 -0.493731836852608574      0.886851585495226913    
   29 -0.395128971433564180      0.882391911009566932    
   30 -0.296433059926608677      0.878944917241059276    
   31 -0.197664103484295667      0.876494877554965579    
   32 -0.988448639225984055E-01  0.875029836414467965    
   33 -0.174063290097038284E-15  0.874542334057955562    
   34  0.988448639225980585E-01  0.875029836414467965    
   35  0.197664103484294806      0.876494877554965579    
   36  0.296433059926608344      0.878944917241059276    
   37  0.395128971433563347      0.882391911009566932    
   38  0.493731836852608241      0.886851585495226913    
   39  0.592225180271357177      0.892342408125840314    
   40  0.690596687717214497      0.898884238699046767    
   41  0.788838691034353556      0.906496651434894773    
   42  0.886948478791052874      0.915196920623390864    
   43  0.984928419855667370      0.924997671607594718    
   44   1.08278589196523733      0.935904212087457776    
   45   1.18053301502869901      0.947911576928842092    
   46   1.27818619679745282      0.961001342870107966    
   47   1.37576550655018570      0.975138297428031153    
   48   1.47329390015210548      0.990267078144474233    
   49   1.57079632679489523       1.00630893274126176    
   50   1.66829875343768497       1.02315878571803731    
   51   1.76582714703960475       1.04068282955986158    
   52   1.86340645679233741       1.05871688520016338    
   53   1.96105963856109167       1.07706579192458496    
   54   2.05880676162455378       1.09550408589227466    
   55   2.15666423373412286       1.11377820288539708    
   56   2.25464417479873758       1.13161038917565282    
   57   2.35275396255543789       1.14870442055221988    
   58   2.45099596587257818       1.16475311281010852    
   59   2.54936747331843527       1.17944746138878420    
   60   2.64786081673718421       1.19248708348828791    
   61   2.74646368215622916       1.20359146939537176    
   62   2.84515959366318372       1.21251140274362501    
   63   2.94392855010549770       1.21903980630581388    
   64   3.04274778966719461       1.22302123310916566    
   65   3.14159265358979267       1.22435926768113812    
#gg4start - starting grid - thetastart thetastart
    1  -3.14159265358979312      -3.14159265358979312    
    2 -0.174063290097038284E-15 -0.174063290097038284E-15
    3  -3.10864436561559376      -3.10864436561559376    
    4  -3.07569607764139397      -3.07569607764139397    
    5  -3.04274778966719461      -3.04274778966719461    
    6  -3.00980804314662898      -3.00980804314662898    
    7  -2.97686829662606289      -2.97686829662606289    
    8  -2.94392855010549725      -2.94392855010549725    
    9  -2.91100556462472637      -2.91100556462472637    
   10  -2.87808257914395549      -2.87808257914395549    
   11  -2.84515959366318461      -2.84515959366318461    
   12  -2.81226095649419916      -2.81226095649419916    
   13  -2.77936231932521416      -2.77936231932521416    
   14  -2.74646368215622871      -2.74646368215622871    
   15  -2.71359606034988055      -2.71359606034988055    
   16  -2.68072843854353238      -2.68072843854353238    
   17  -2.64786081673718421      -2.64786081673718421    
   18  -2.61502970226426790      -2.61502970226426790    
   19  -2.58219858779135203      -2.58219858779135203    
   20  -2.54936747331843572      -2.54936747331843572    
   21  -2.51657697083648291      -2.51657697083648291    
   22  -2.48378646835453054      -2.48378646835453054    
   23  -2.45099596587257773      -2.45099596587257773    
   24  -2.41824863143353141      -2.41824863143353141    
   25  -2.38550129699448465      -2.38550129699448465    
   26  -2.35275396255543834      -2.35275396255543834    
   27  -2.32005069996987157      -2.32005069996987157    
   28  -2.28734743738430524      -2.28734743738430524    
   29  -2.25464417479873847      -2.25464417479873847    
   30  -2.22198419444386674      -2.22198419444386674    
   31  -2.18932421408899547      -2.18932421408899547    
   32  -2.15666423373412375      -2.15666423373412375    
   33  -2.12404507636426709      -2.12404507636426709    
   34  -2.09142591899441044      -2.09142591899441044    
   35  -2.05880676162455378      -2.05880676162455378    
   36  -2.02622438727006671      -2.02622438727006671    
   37  -1.99364201291557941      -1.99364201291557941    
   38  -1.96105963856109233      -1.96105963856109233    
   39  -1.92850857797150765      -1.92850857797150765    
   40  -1.89595751738192275      -1.89595751738192275    
   41  -1.86340645679233807      -1.86340645679233807    
   42  -1.83088002020809393      -1.83088002020809393    
   43  -1.79835358362384956      -1.79835358362384956    
   44  -1.76582714703960542      -1.76582714703960542    
   45  -1.73331768250563223      -1.73331768250563223    
   46  -1.70080821797165904      -1.70080821797165904    
   47  -1.66829875343768586      -1.66829875343768586    
   48  -1.63579794455675587      -1.63579794455675587    
   49  -1.60329713567582588      -1.60329713567582588    
   50  -1.57079632679489589      -1.57079632679489589    
   51  -1.53829551791396590      -1.53829551791396590    
   52  -1.50579470903303592      -1.50579470903303592    
   53  -1.47329390015210593      -1.47329390015210593    
   54  -1.44078443561813274      -1.44078443561813274    
   55  -1.40827497108415978      -1.40827497108415978    
   56  -1.37576550655018659      -1.37576550655018659    
   57  -1.34323906996594244      -1.34323906996594244    
   58  -1.31071263338169808      -1.31071263338169808    
   59  -1.27818619679745393      -1.27818619679745393    
   60  -1.24563513620786925      -1.24563513620786925    
   61  -1.21308407561828457      -1.21308407561828457    
   62  -1.18053301502869989      -1.18053301502869989    
   63  -1.14795064067421282      -1.14795064067421282    
   64  -1.11536826631972552      -1.11536826631972552    
   65  -1.08278589196523845      -1.08278589196523845    
   66  -1.05016673459538179      -1.05016673459538179    
   67  -1.01754757722552513      -1.01754757722552513    
   68 -0.984928419855668480     -0.984928419855668480    
   69 -0.952268439500796982     -0.952268439500796982    
   70 -0.919608459145925483     -0.919608459145925483    
   71 -0.886948478791053985     -0.886948478791053985    
   72 -0.854245216205487323     -0.854245216205487323    
   73 -0.821541953619920662     -0.821541953619920662    
   74 -0.788838691034354000     -0.788838691034354000    
   75 -0.756091356595307573     -0.756091356595307573    
   76 -0.723344022156261257     -0.723344022156261257    
   77 -0.690596687717214830     -0.690596687717214830    
   78 -0.657806185235262353     -0.657806185235262353    
   79 -0.625015682753309987     -0.625015682753309987    
   80 -0.592225180271357510     -0.592225180271357510    
   81 -0.559394065798441198     -0.559394065798441198    
   82 -0.526562951325524886     -0.526562951325524886    
   83 -0.493731836852608574     -0.493731836852608574    
   84 -0.460864215046260461     -0.460864215046260461    
   85 -0.427996593239912293     -0.427996593239912293    
   86 -0.395128971433564180     -0.395128971433564180    
   87 -0.362230334264579013     -0.362230334264579013    
   88 -0.329331697095593845     -0.329331697095593845    
   89 -0.296433059926608677     -0.296433059926608677    
   90 -0.263510074445837683     -0.263510074445837683    
   91 -0.230587088965066689     -0.230587088965066689    
   92 -0.197664103484295667     -0.197664103484295667    
   93 -0.164724356963729918     -0.164724356963729918    
   94 -0.131784610443164141     -0.131784610443164141    
   95 -0.988448639225984055E-01 -0.988448639225984055E-01
   96 -0.658965759483989971E-01 -0.658965759483989971E-01
   97 -0.329482879741995888E-01 -0.329482879741995888E-01
   98  0.329482879741992418E-01  0.329482879741992418E-01
   99  0.658965759483986502E-01  0.658965759483986502E-01
  100  0.988448639225980585E-01  0.988448639225980585E-01
  101  0.131784610443163641      0.131784610443163641    
  102  0.164724356963729224      0.164724356963729224    
  103  0.197664103484294806      0.197664103484294806    
  104  0.230587088965065995      0.230587088965065995    
  105  0.263510074445837184      0.263510074445837184    
  106  0.296433059926608344      0.296433059926608344    
  107  0.329331697095593345      0.329331697095593345    
  108  0.362230334264578346      0.362230334264578346    
  109  0.395128971433563347      0.395128971433563347    
  110  0.427996593239911627      0.427996593239911627    
  111  0.460864215046259962      0.460864215046259962    
  112  0.493731836852608241      0.493731836852608241    
  113  0.526562951325524553      0.526562951325524553    
  114  0.559394065798440865      0.559394065798440865    
  115  0.592225180271357177      0.592225180271357177    
  116  0.625015682753309654      0.625015682753309654    
  117  0.657806185235262020      0.657806185235262020    
  118  0.690596687717214497      0.690596687717214497    
  119  0.723344022156260813      0.723344022156260813    
  120  0.756091356595307240      0.756091356595307240    
  121  0.788838691034353556      0.788838691034353556    
  122  0.821541953619919996      0.821541953619919996    
  123  0.854245216205486435      0.854245216205486435    
  124  0.886948478791052874      0.886948478791052874    
  125  0.919608459145924373      0.919608459145924373    
  126  0.952268439500795871      0.952268439500795871    
  127  0.984928419855667370      0.984928419855667370    
  128   1.01754757722552402       1.01754757722552402    
  129   1.05016673459538068       1.05016673459538068    
  130   1.08278589196523733       1.08278589196523733    
  131   1.11536826631972463       1.11536826631972463    
  132   1.14795064067421171       1.14795064067421171    
  133   1.18053301502869901       1.18053301502869901    
  134   1.21308407561828369       1.21308407561828369    
  135   1.24563513620786814       1.24563513620786814    
  136   1.27818619679745282       1.27818619679745282    
  137   1.31071263338169719       1.31071263338169719    
  138   1.34323906996594133       1.34323906996594133    
  139   1.37576550655018570       1.37576550655018570    
  140   1.40827497108415889       1.40827497108415889    
  141   1.44078443561813230       1.44078443561813230    
  142   1.47329390015210548       1.47329390015210548    
  143   1.50579470903303547       1.50579470903303547    
  144   1.53829551791396524       1.53829551791396524    
  145   1.57079632679489523       1.57079632679489523    
  146   1.60329713567582521       1.60329713567582521    
  147   1.63579794455675498       1.63579794455675498    
  148   1.66829875343768497       1.66829875343768497    
  149   1.70080821797165815       1.70080821797165815    
  150   1.73331768250563156       1.73331768250563156    
  151   1.76582714703960475       1.76582714703960475    
  152   1.79835358362384889       1.79835358362384889    
  153   1.83088002020809326       1.83088002020809326    
  154   1.86340645679233741       1.86340645679233741    
  155   1.89595751738192209       1.89595751738192209    
  156   1.92850857797150699       1.92850857797150699    
  157   1.96105963856109167       1.96105963856109167    
  158   1.99364201291557896       1.99364201291557896    
  159   2.02622438727006626       2.02622438727006626    
  160   2.05880676162455378       2.05880676162455378    
  161   2.09142591899440999       2.09142591899440999    
  162   2.12404507636426665       2.12404507636426665    
  163   2.15666423373412286       2.15666423373412286    
  164   2.18932421408899458       2.18932421408899458    
  165   2.22198419444386586       2.22198419444386586    
  166   2.25464417479873758       2.25464417479873758    
  167   2.28734743738430435       2.28734743738430435    
  168   2.32005069996987112       2.32005069996987112    
  169   2.35275396255543789       2.35275396255543789    
  170   2.38550129699448465       2.38550129699448465    
  171   2.41824863143353141       2.41824863143353141    
  172   2.45099596587257818       2.45099596587257818    
  173   2.48378646835453054       2.48378646835453054    
  174   2.51657697083648291       2.51657697083648291    
  175   2.54936747331843527       2.54936747331843527    
  176   2.58219858779135158       2.58219858779135158    
  177   2.61502970226426790       2.61502970226426790    
  178   2.64786081673718421       2.64786081673718421    
  179   2.68072843854353238       2.68072843854353238    
  180   2.71359606034988099       2.71359606034988099    
  181   2.74646368215622916       2.74646368215622916    
  182   2.77936231932521416       2.77936231932521416    
  183   2.81226095649419872       2.81226095649419872    
  184   2.84515959366318372       2.84515959366318372    
  185   2.87808257914395504       2.87808257914395504    
  186   2.91100556462472637       2.91100556462472637    
  187   2.94392855010549770       2.94392855010549770    
  188   2.97686829662606334       2.97686829662606334    
  189   3.00980804314662898       3.00980804314662898    
  190   3.04274778966719461       3.04274778966719461    
  191   3.07569607764139397       3.07569607764139397    
  192   3.10864436561559332       3.10864436561559332    
#gg4start - starting field - bmagstart bmagstart
    1   1.22435926768113812       1.22435926768113812    
    2  0.874542334057955562      0.874542334057955562    
    3   1.22420474199295914       1.22420474199295914    
    4   1.22375831969378601       1.22375831969378601    
    5   1.22302123310916566       1.22302123310916566    
    6   1.22197903180016509       1.22197903180016509    
    7   1.22065067651250136       1.22065067651250136    
    8   1.21903980630581388       1.21903980630581388    
    9   1.21713542486059079       1.21713542486059079    
   10   1.21495733141825180       1.21495733141825180    
   11   1.21251140274362501       1.21251140274362501    
   12   1.20979063240943630       1.20979063240943630    
   13   1.20681470533431479       1.20681470533431479    
   14   1.20359146939537176       1.20359146939537176    
   15   1.20011818589680641       1.20011818589680641    
   16   1.19641356543649424       1.19641356543649424    
   17   1.19248708348828791       1.19248708348828791    
   18   1.18834027120224728       1.18834027120224728    
   19   1.18399016121825595       1.18399016121825595    
   20   1.17944746138878420       1.17944746138878420    
   21   1.17471770844043899       1.17471770844043899    
   22   1.16981575215857792       1.16981575215857792    
   23   1.16475311281010852       1.16475311281010852    
   24   1.15953883606863850       1.15953883606863850    
   25   1.15418530066350855       1.15418530066350855    
   26   1.14870442055221988       1.14870442055221988    
   27   1.14310807479206833       1.14310807479206833    
   28   1.13740609333951848       1.13740609333951848    
   29   1.13161038917565282       1.13161038917565282    
   30   1.12573488595292459       1.12573488595292459    
   31   1.11978697066809163       1.11978697066809163    
   32   1.11377820288539708       1.11377820288539708    
   33   1.10772371899535615       1.10772371899535615    
   34   1.10162871041383847       1.10162871041383847    
   35   1.09550408589227466       1.09550408589227466    
   36   1.08936538676146188       1.08936538676146188    
   37   1.08321594776215591       1.08321594776215591    
   38   1.07706579192458496       1.07706579192458496    
   39   1.07093013962335526       1.07093013962335526    
   40   1.06481084823398464       1.06481084823398464    
   41   1.05871688520016338       1.05871688520016338    
   42   1.05266255003580467       1.05266255003580467    
   43   1.04664859632198870       1.04664859632198870    
   44   1.04068282955986158       1.04068282955986158    
   45   1.03477818241293829       1.03477818241293829    
   46   1.02893463579221867       1.02893463579221867    
   47   1.02315878571803731       1.02315878571803731    
   48   1.01746191728371049       1.01746191728371049    
   49   1.01184350265794620       1.01184350265794620    
   50   1.00630893274126176       1.00630893274126176    
   51   1.00086772574397287       1.00086772574397287    
   52  0.995519029630245744      0.995519029630245744    
   53  0.990267078144474122      0.990267078144474122    
   54  0.985119648298025230      0.985119648298025230    
   55  0.980075668323166949      0.980075668323166949    
   56  0.975138297428031153      0.975138297428031153    
   57  0.970313716628828482      0.970313716628828482    
   58  0.965600667459754813      0.965600667459754813    
   59  0.961001342870107966      0.961001342870107966    
   60  0.956520561831305294      0.956520561831305294    
   61  0.952156855835106675      0.952156855835106675    
   62  0.947911576928842092      0.947911576928842092    
   63  0.943788472267079737      0.943788472267079737    
   64  0.939785802059906472      0.939785802059906472    
   65  0.935904212087457776      0.935904212087457776    
   66  0.932146693101885471      0.932146693101885471    
   67  0.928511154059139532      0.928511154059139532    
   68  0.924997671607594718      0.924997671607594718    
   69  0.921608793307928220      0.921608793307928220    
   70  0.918341995798029997      0.918341995798029997    
   71  0.915196920623390753      0.915196920623390753    
   72  0.912175960956560394      0.912175960956560394    
   73  0.909276093567597532      0.909276093567597532    
   74  0.906496651434894773      0.906496651434894773    
   75  0.903840121398762686      0.903840121398762686    
   76  0.901302937068988452      0.901302937068988452    
   77  0.898884238699046878      0.898884238699046878    
   78  0.896586803623912298      0.896586803623912298    
   79  0.894406509914086878      0.894406509914086878    
   80  0.892342408125840314      0.892342408125840314    
   81  0.890397706548506251      0.890397706548506251    
   82  0.888567749048025157      0.888567749048025157    
   83  0.886851585495226913      0.886851585495226913    
   84  0.885252938599383477      0.885252938599383477    
   85  0.883766672535934328      0.883766672535934328    
   86  0.882391911009567043      0.882391911009567043    
   87  0.881132920535273145      0.881132920535273145    
   88  0.879984170077227845      0.879984170077227845    
   89  0.878944917241059276      0.878944917241059276    
   90  0.878019953146360277      0.878019953146360277    
   91  0.877203460759394149      0.877203460759394149    
   92  0.876494877554965579      0.876494877554965579    
   93  0.875899458686841936      0.875899458686841936    
   94  0.875411228408018993      0.875411228408018993    
   95  0.875029836414467965      0.875029836414467965    
   96  0.874760908207391830      0.874760908207391830    
   97  0.874598447051213812      0.874598447051213812    
   98   0.00000000000000000       0.00000000000000000    
   99   0.00000000000000000       0.00000000000000000    
  100   0.00000000000000000       0.00000000000000000    
  101   0.00000000000000000       0.00000000000000000    
  102   0.00000000000000000       0.00000000000000000    
  103   0.00000000000000000       0.00000000000000000    
  104   0.00000000000000000       0.00000000000000000    
  105   0.00000000000000000       0.00000000000000000    
  106   0.00000000000000000       0.00000000000000000    
  107   0.00000000000000000       0.00000000000000000    
  108   0.00000000000000000       0.00000000000000000    
  109   0.00000000000000000       0.00000000000000000    
  110   0.00000000000000000       0.00000000000000000    
  111   0.00000000000000000       0.00000000000000000    
  112   0.00000000000000000       0.00000000000000000    
  113   0.00000000000000000       0.00000000000000000    
  114   0.00000000000000000       0.00000000000000000    
  115   0.00000000000000000       0.00000000000000000    
  116   0.00000000000000000       0.00000000000000000    
  117   0.00000000000000000       0.00000000000000000    
  118   0.00000000000000000       0.00000000000000000    
  119   0.00000000000000000       0.00000000000000000    
  120   0.00000000000000000       0.00000000000000000    
  121   0.00000000000000000       0.00000000000000000    
  122   0.00000000000000000       0.00000000000000000    
  123   0.00000000000000000       0.00000000000000000    
  124   0.00000000000000000       0.00000000000000000    
  125   0.00000000000000000       0.00000000000000000    
  126   0.00000000000000000       0.00000000000000000    
  127   0.00000000000000000       0.00000000000000000    
  128   0.00000000000000000       0.00000000000000000    
  129   0.00000000000000000       0.00000000000000000    
  130   0.00000000000000000       0.00000000000000000    
  131   0.00000000000000000       0.00000000000000000    
  132   0.00000000000000000       0.00000000000000000    
  133   0.00000000000000000       0.00000000000000000    
  134   0.00000000000000000       0.00000000000000000    
  135   0.00000000000000000       0.00000000000000000    
  136   0.00000000000000000       0.00000000000000000    
  137   0.00000000000000000       0.00000000000000000    
  138   0.00000000000000000       0.00000000000000000    
  139   0.00000000000000000       0.00000000000000000    
  140   0.00000000000000000       0.00000000000000000    
  141   0.00000000000000000       0.00000000000000000    
  142   0.00000000000000000       0.00000000000000000    
  143   0.00000000000000000       0.00000000000000000    
  144   0.00000000000000000       0.00000000000000000    
  145   0.00000000000000000       0.00000000000000000    
  146   0.00000000000000000       0.00000000000000000    
  147   0.00000000000000000       0.00000000000000000    
  148   0.00000000000000000       0.00000000000000000    
  149   0.00000000000000000       0.00000000000000000    
  150   0.00000000000000000       0.00000000000000000    
  151   0.00000000000000000       0.00000000000000000    
  152   0.00000000000000000       0.00000000000000000    
  153   0.00000000000000000       0.00000000000000000    
  154   0.00000000000000000       0.00000000000000000    
  155   0.00000000000000000       0.00000000000000000    
  156   0.00000000000000000       0.00000000000000000    
  157   0.00000000000000000       0.00000000000000000    
  158   0.00000000000000000       0.00000000000000000    
  159   0.00000000000000000       0.00000000000000000    
  160   0.00000000000000000       0.00000000000000000    
  161   0.00000000000000000       0.00000000000000000    
  162   0.00000000000000000       0.00000000000000000    
  163   0.00000000000000000       0.00000000000000000    
  164   0.00000000000000000       0.00000000000000000    
  165   0.00000000000000000       0.00000000000000000    
  166   0.00000000000000000       0.00000000000000000    
  167   0.00000000000000000       0.00000000000000000    
  168   0.00000000000000000       0.00000000000000000    
  169   0.00000000000000000       0.00000000000000000    
  170   0.00000000000000000       0.00000000000000000    
  171   0.00000000000000000       0.00000000000000000    
  172   0.00000000000000000       0.00000000000000000    
  173   0.00000000000000000       0.00000000000000000    
  174   0.00000000000000000       0.00000000000000000    
  175   0.00000000000000000       0.00000000000000000    
  176   0.00000000000000000       0.00000000000000000    
  177   0.00000000000000000       0.00000000000000000    
  178   0.00000000000000000       0.00000000000000000    
  179   0.00000000000000000       0.00000000000000000    
  180   0.00000000000000000       0.00000000000000000    
  181   0.00000000000000000       0.00000000000000000    
  182   0.00000000000000000       0.00000000000000000    
  183   0.00000000000000000       0.00000000000000000    
  184   0.00000000000000000       0.00000000000000000    
  185   0.00000000000000000       0.00000000000000000    
  186   0.00000000000000000       0.00000000000000000    
  187   0.00000000000000000       0.00000000000000000    
  188   0.00000000000000000       0.00000000000000000    
  189   0.00000000000000000       0.00000000000000000    
  190   0.00000000000000000       0.00000000000000000    
  191   0.00000000000000000       0.00000000000000000    
  192   0.00000000000000000       0.00000000000000000    
#gg4start - essentialstart
           1 T
           2 T
           3 F
           4 F
           5 F
           6 F
           7 F
           8 F
           9 F
          10 F
          11 F
          12 F
          13 F
          14 F
          15 F
          16 F
          17 F
          18 F
          19 F
          20 F
          21 F
          22 F
          23 F
          24 F
          25 F
          26 F
          27 F
          28 F
          29 F
          30 F
          31 F
          32 F
          33 F
          34 F
          35 F
          36 F
          37 F
          38 F
          39 F
          40 F
          41 F
          42 F
          43 F
          44 F
          45 F
          46 F
          47 F
          48 F
          49 F
          50 F
          51 F
          52 F
          53 F
          54 F
          55 F
          56 F
          57 F
          58 F
          59 F
          60 F
          61 F
          62 F
          63 F
          64 F
          65 F
          66 F
          67 F
          68 F
          69 F
          70 F
          71 F
          72 F
          73 F
          74 F
          75 F
          76 F
          77 F
          78 F
          79 F
          80 F
          81 F
          82 F
          83 F
          84 F
          85 F
          86 F
          87 F
          88 F
          89 F
          90 F
          91 F
          92 F
          93 F
          94 F
          95 F
          96 F
          97 F
          98 F
          99 F
         100 F
         101 F
         102 F
         103 F
         104 F
         105 F
         106 F
         107 F
         108 F
         109 F
         110 F
         111 F
         112 F
         113 F
         114 F
         115 F
         116 F
         117 F
         118 F
         119 F
         120 F
         121 F
         122 F
         123 F
         124 F
         125 F
         126 F
         127 F
         128 F
         129 F
         130 F
         131 F
         132 F
         133 F
         134 F
         135 F
         136 F
         137 F
         138 F
         139 F
         140 F
         141 F
         142 F
         143 F
         144 F
         145 F
         146 F
         147 F
         148 F
         149 F
         150 F
         151 F
         152 F
         153 F
         154 F
         155 F
         156 F
         157 F
         158 F
         159 F
         160 F
         161 F
         162 F
         163 F
         164 F
         165 F
         166 F
         167 F
         168 F
         169 F
         170 F
         171 F
         172 F
         173 F
         174 F
         175 F
         176 F
         177 F
         178 F
         179 F
         180 F
         181 F
         182 F
         183 F
         184 F
         185 F
         186 F
         187 F
         188 F
         189 F
         190 F
         191 F
         192 F
# gg4collect - bmagset bmagset
    1   1.22435926768113812       1.22435926768113812    
    2  0.874542334057955562      0.874542334057955562    
    3   1.22420474199295914       1.22420474199295914    
    4   1.22375831969378601       1.22375831969378601    
    5   1.22302123310916566       1.22302123310916566    
    6   1.22197903180016509       1.22197903180016509    
    7   1.22065067651250136       1.22065067651250136    
    8   1.21903980630581388       1.21903980630581388    
    9   1.21713542486059079       1.21713542486059079    
   10   1.21495733141825180       1.21495733141825180    
   11   1.21251140274362501       1.21251140274362501    
   12   1.20979063240943630       1.20979063240943630    
   13   1.20681470533431479       1.20681470533431479    
   14   1.20359146939537176       1.20359146939537176    
   15   1.20011818589680641       1.20011818589680641    
   16   1.19641356543649424       1.19641356543649424    
   17   1.19248708348828791       1.19248708348828791    
   18   1.18834027120224728       1.18834027120224728    
   19   1.18399016121825595       1.18399016121825595    
   20   1.17944746138878420       1.17944746138878420    
   21   1.17471770844043899       1.17471770844043899    
   22   1.16981575215857792       1.16981575215857792    
   23   1.16475311281010852       1.16475311281010852    
   24   1.15953883606863850       1.15953883606863850    
   25   1.15418530066350855       1.15418530066350855    
   26   1.14870442055221988       1.14870442055221988    
   27   1.14310807479206833       1.14310807479206833    
   28   1.13740609333951848       1.13740609333951848    
   29   1.13161038917565282       1.13161038917565282    
   30   1.12573488595292459       1.12573488595292459    
   31   1.11978697066809163       1.11978697066809163    
   32   1.11377820288539708       1.11377820288539708    
   33   1.10772371899535615       1.10772371899535615    
   34   1.10162871041383847       1.10162871041383847    
   35   1.09550408589227466       1.09550408589227466    
   36   1.08936538676146188       1.08936538676146188    
   37   1.08321594776215591       1.08321594776215591    
   38   1.07706579192458496       1.07706579192458496    
   39   1.07093013962335526       1.07093013962335526    
   40   1.06481084823398464       1.06481084823398464    
   41   1.05871688520016338       1.05871688520016338    
   42   1.05266255003580467       1.05266255003580467    
   43   1.04664859632198870       1.04664859632198870    
   44   1.04068282955986158       1.04068282955986158    
   45   1.03477818241293829       1.03477818241293829    
   46   1.02893463579221867       1.02893463579221867    
   47   1.02315878571803731       1.02315878571803731    
   48   1.01746191728371049       1.01746191728371049    
   49   1.01184350265794620       1.01184350265794620    
   50   1.00630893274126176       1.00630893274126176    
   51   1.00086772574397287       1.00086772574397287    
   52  0.995519029630245744      0.995519029630245744    
   53  0.990267078144474122      0.990267078144474122    
   54  0.985119648298025230      0.985119648298025230    
   55  0.980075668323166949      0.980075668323166949    
   56  0.975138297428031153      0.975138297428031153    
   57  0.970313716628828482      0.970313716628828482    
   58  0.965600667459754813      0.965600667459754813    
   59  0.961001342870107966      0.961001342870107966    
   60  0.956520561831305294      0.956520561831305294    
   61  0.952156855835106675      0.952156855835106675    
   62  0.947911576928842092      0.947911576928842092    
   63  0.943788472267079737      0.943788472267079737    
   64  0.939785802059906472      0.939785802059906472    
   65  0.935904212087457776      0.935904212087457776    
   66  0.932146693101885471      0.932146693101885471    
   67  0.928511154059139532      0.928511154059139532    
   68  0.924997671607594718      0.924997671607594718    
   69  0.921608793307928220      0.921608793307928220    
   70  0.918341995798029997      0.918341995798029997    
   71  0.915196920623390753      0.915196920623390753    
   72  0.912175960956560394      0.912175960956560394    
   73  0.909276093567597532      0.909276093567597532    
   74  0.906496651434894773      0.906496651434894773    
   75  0.903840121398762686      0.903840121398762686    
   76  0.901302937068988452      0.901302937068988452    
   77  0.898884238699046878      0.898884238699046878    
   78  0.896586803623912298      0.896586803623912298    
   79  0.894406509914086878      0.894406509914086878    
   80  0.892342408125840314      0.892342408125840314    
   81  0.890397706548506251      0.890397706548506251    
   82  0.888567749048025157      0.888567749048025157    
   83  0.886851585495226913      0.886851585495226913    
   84  0.885252938599383477      0.885252938599383477    
   85  0.883766672535934328      0.883766672535934328    
   86  0.882391911009567043      0.882391911009567043    
   87  0.881132920535273145      0.881132920535273145    
   88  0.879984170077227845      0.879984170077227845    
   89  0.878944917241059276      0.878944917241059276    
   90  0.878019953146360277      0.878019953146360277    
   91  0.877203460759394149      0.877203460759394149    
   92  0.876494877554965579      0.876494877554965579    
   93  0.875899458686841936      0.875899458686841936    
   94  0.875411228408018993      0.875411228408018993    
   95  0.875029836414467965      0.875029836414467965    
   96  0.874760908207391830      0.874760908207391830    
   97  0.874598447051213812      0.874598447051213812    
   98   0.00000000000000000       0.00000000000000000    
   99   0.00000000000000000       0.00000000000000000    
  100   0.00000000000000000       0.00000000000000000    
  101   0.00000000000000000       0.00000000000000000    
  102   0.00000000000000000       0.00000000000000000    
  103   0.00000000000000000       0.00000000000000000    
  104   0.00000000000000000       0.00000000000000000    
  105   0.00000000000000000       0.00000000000000000    
  106   0.00000000000000000       0.00000000000000000    
  107   0.00000000000000000       0.00000000000000000    
  108   0.00000000000000000       0.00000000000000000    
  109   0.00000000000000000       0.00000000000000000    
  110   0.00000000000000000       0.00000000000000000    
  111   0.00000000000000000       0.00000000000000000    
  112   0.00000000000000000       0.00000000000000000    
  113   0.00000000000000000       0.00000000000000000    
  114   0.00000000000000000       0.00000000000000000    
  115   0.00000000000000000       0.00000000000000000    
  116   0.00000000000000000       0.00000000000000000    
  117   0.00000000000000000       0.00000000000000000    
  118   0.00000000000000000       0.00000000000000000    
  119   0.00000000000000000       0.00000000000000000    
  120   0.00000000000000000       0.00000000000000000    
  121   0.00000000000000000       0.00000000000000000    
  122   0.00000000000000000       0.00000000000000000    
  123   0.00000000000000000       0.00000000000000000    
  124   0.00000000000000000       0.00000000000000000    
  125   0.00000000000000000       0.00000000000000000    
  126   0.00000000000000000       0.00000000000000000    
  127   0.00000000000000000       0.00000000000000000    
  128   0.00000000000000000       0.00000000000000000    
  129   0.00000000000000000       0.00000000000000000    
  130   0.00000000000000000       0.00000000000000000    
  131   0.00000000000000000       0.00000000000000000    
  132   0.00000000000000000       0.00000000000000000    
  133   0.00000000000000000       0.00000000000000000    
  134   0.00000000000000000       0.00000000000000000    
  135   0.00000000000000000       0.00000000000000000    
  136   0.00000000000000000       0.00000000000000000    
  137   0.00000000000000000       0.00000000000000000    
  138   0.00000000000000000       0.00000000000000000    
  139   0.00000000000000000       0.00000000000000000    
  140   0.00000000000000000       0.00000000000000000    
  141   0.00000000000000000       0.00000000000000000    
  142   0.00000000000000000       0.00000000000000000    
  143   0.00000000000000000       0.00000000000000000    
  144   0.00000000000000000       0.00000000000000000    
  145   0.00000000000000000       0.00000000000000000    
  146   0.00000000000000000       0.00000000000000000    
  147   0.00000000000000000       0.00000000000000000    
  148   0.00000000000000000       0.00000000000000000    
  149   0.00000000000000000       0.00000000000000000    
  150   0.00000000000000000       0.00000000000000000    
  151   0.00000000000000000       0.00000000000000000    
  152   0.00000000000000000       0.00000000000000000    
  153   0.00000000000000000       0.00000000000000000    
  154   0.00000000000000000       0.00000000000000000    
  155   0.00000000000000000       0.00000000000000000    
  156   0.00000000000000000       0.00000000000000000    
  157   0.00000000000000000       0.00000000000000000    
  158   0.00000000000000000       0.00000000000000000    
  159   0.00000000000000000       0.00000000000000000    
  160   0.00000000000000000       0.00000000000000000    
  161   0.00000000000000000       0.00000000000000000    
  162   0.00000000000000000       0.00000000000000000    
  163   0.00000000000000000       0.00000000000000000    
  164   0.00000000000000000       0.00000000000000000    
  165   0.00000000000000000       0.00000000000000000    
  166   0.00000000000000000       0.00000000000000000    
  167   0.00000000000000000       0.00000000000000000    
  168   0.00000000000000000       0.00000000000000000    
  169   0.00000000000000000       0.00000000000000000    
  170   0.00000000000000000       0.00000000000000000    
  171   0.00000000000000000       0.00000000000000000    
  172   0.00000000000000000       0.00000000000000000    
  173   0.00000000000000000       0.00000000000000000    
  174   0.00000000000000000       0.00000000000000000    
  175   0.00000000000000000       0.00000000000000000    
  176   0.00000000000000000       0.00000000000000000    
  177   0.00000000000000000       0.00000000000000000    
  178   0.00000000000000000       0.00000000000000000    
  179   0.00000000000000000       0.00000000000000000    
  180   0.00000000000000000       0.00000000000000000    
  181   0.00000000000000000       0.00000000000000000    
  182   0.00000000000000000       0.00000000000000000    
  183   0.00000000000000000       0.00000000000000000    
  184   0.00000000000000000       0.00000000000000000    
  185   0.00000000000000000       0.00000000000000000    
  186   0.00000000000000000       0.00000000000000000    
  187   0.00000000000000000       0.00000000000000000    
  188   0.00000000000000000       0.00000000000000000    
  189   0.00000000000000000       0.00000000000000000    
  190   0.00000000000000000       0.00000000000000000    
  191   0.00000000000000000       0.00000000000000000    
  192   0.00000000000000000       0.00000000000000000    
# gg4collect - thetasetset ibmagsetset icollsetset
    1  -3.14159265358979312        1          2
    2 -0.174063290097038284E-15    2          2
    3  -3.10864436561559376        3          2
    4   3.10864436561619684        3       3222
    5  -3.07569607764139397        4          2
    6   3.07569607764170083        4       3222
    7  -3.04274778966719461        5          2
    8   3.04274778966719461        5        331
    9  -3.00980804314662898        6          2
   10   3.00980804314662542        6       3222
   11  -2.97686829662606289        7          2
   12   2.97686829662606156        7       3222
   13  -2.94392855010549725        8          2
   14   2.94392855010549770        8        331
   15  -2.91100556462472637        9          2
   16   2.91100556462472815        9       3222
   17  -2.87808257914395549       10          2
   18   2.87808257914395504       10       3222
   19  -2.84515959366318461       11          2
   20   2.84515959366318372       11        331
   21  -2.81226095649419916       12          2
   22   2.81226095649419694       12       3222
   23  -2.77936231932521416       13          2
   24   2.77936231932521283       13       3222
   25  -2.74646368215622871       14          2
   26   2.74646368215622916       14        331
   27  -2.71359606034988055       15          2
   28   2.71359606034988055       15       3222
   29  -2.68072843854353238       16          2
   30   2.68072843854353238       16       3222
   31  -2.64786081673718421       17          2
   32   2.64786081673718421       17        331
   33  -2.61502970226426790       18          2
   34   2.61502970226426878       18       3222
   35  -2.58219858779135203       19          2
   36   2.58219858779135247       19       3222
   37  -2.54936747331843572       20          2
   38   2.54936747331843527       20        331
   39  -2.51657697083648291       21          2
   40   2.51657697083648335       21       3222
   41  -2.48378646835453054       22          2
   42   2.48378646835453010       22       3222
   43  -2.45099596587257773       23          2
   44   2.45099596587257818       23        331
   45  -2.41824863143353141       24          2
   46   2.41824863143353141       24       3222
   47  -2.38550129699448465       25          2
   48   2.38550129699448465       25       3222
   49  -2.35275396255543834       26          2
   50   2.35275396255543789       26        331
   51  -2.32005069996987157       27          2
   52   2.32005069996986979       27       3222
   53  -2.28734743738430524       28          2
   54   2.28734743738430524       28       3222
   55  -2.25464417479873847       29          2
   56   2.25464417479873758       29        331
   57  -2.22198419444386674       30          2
   58   2.22198419444386630       30       3222
   59  -2.18932421408899547       31          2
   60   2.18932421408899458       31       3222
   61  -2.15666423373412375       32          2
   62   2.15666423373412286       32        331
   63  -2.12404507636426709       33          2
   64   2.12404507636426487       33       3222
   65  -2.09142591899441044       34          2
   66   2.09142591899441133       34       3222
   67  -2.05880676162455378       35          2
   68   2.05880676162455378       35        331
   69  -2.02622438727006671       36          2
   70   2.02622438727006715       36       3222
   71  -1.99364201291557941       37          2
   72   1.99364201291557874       37       3222
   73  -1.96105963856109233       38          2
   74   1.96105963856109167       38        331
   75  -1.92850857797150765       39          2
   76   1.92850857797150743       39       3222
   77  -1.89595751738192275       40          2
   78   1.89595751738192186       40       3222
   79  -1.86340645679233807       41          2
   80   1.86340645679233741       41        331
   81  -1.83088002020809393       42          2
   82   1.83088002020809348       42       3222
   83  -1.79835358362384956       43          2
   84   1.79835358362384889       43       3222
   85  -1.76582714703960542       44          2
   86   1.76582714703960475       44        331
   87  -1.73331768250563223       45          2
   88   1.73331768250563067       45       3222
   89  -1.70080821797165904       46          2
   90   1.70080821797165926       46       3222
   91  -1.66829875343768586       47          2
   92   1.66829875343768497       47        331
   93  -1.63579794455675587       48          2
   94   1.63579794455675520       48       3222
   95  -1.60329713567582588       49          2
   96   1.60329713567582477       49       3222
   97  -1.57079632679489589       50          2
   98   1.57079632679489523       50        331
   99  -1.53829551791396590       51          2
  100   1.53829551791396435       51       3222
  101  -1.50579470903303592       52          2
  102   1.50579470903303525       52       3222
  103  -1.47329390015210593       53          2
  104   1.47329390015210482       53       3222
  105  -1.44078443561813274       54          2
  106   1.44078443561813252       54       3222
  107  -1.40827497108415978       55          2
  108   1.40827497108415844       55       3222
  109  -1.37576550655018659       56          2
  110   1.37576550655018570       56        331
  111  -1.34323906996594244       57          2
  112   1.34323906996594156       57       3222
  113  -1.31071263338169808       58          2
  114   1.31071263338169830       58       3222
  115  -1.27818619679745393       59          2
  116   1.27818619679745282       59        331
  117  -1.24563513620786925       60          2
  118   1.24563513620786859       60       3222
  119  -1.21308407561828457       61          2
  120   1.21308407561828435       61       3222
  121  -1.18053301502869989       62          2
  122   1.18053301502869901       62        331
  123  -1.14795064067421282       63          2
  124   1.14795064067421215       63       3222
  125  -1.11536826631972552       64          2
  126   1.11536826631972419       64       3222
  127  -1.08278589196523845       65          2
  128   1.08278589196523733       65        331
  129  -1.05016673459538179       66          2
  130   1.05016673459538135       66       3222
  131  -1.01754757722552513       67          2
  132   1.01754757722552469       67       3222
  133 -0.984928419855668480       68          2
  134  0.984928419855667370       68        331
  135 -0.952268439500796982       69          2
  136  0.952268439500795094       69       3222
  137 -0.919608459145925483       70          2
  138  0.919608459145923707       70       3222
  139 -0.886948478791053985       71          2
  140  0.886948478791051542       71       3222
  141 -0.854245216205487323       72          2
  142  0.854245216205486768       72       3222
  143 -0.821541953619920662       73          2
  144  0.821541953619920440       73       3222
  145 -0.788838691034354000       74          2
  146  0.788838691034353556       74        331
  147 -0.756091356595307573       75          2
  148  0.756091356595306352       75       3222
  149 -0.723344022156261257       76          2
  150  0.723344022156261590       76       3222
  151 -0.690596687717214830       77          2
  152  0.690596687717215829       77       3222
  153 -0.657806185235262353       78          2
  154  0.657806185235262575       78       3222
  155 -0.625015682753309987       79          2
  156  0.625015682753309099       79       3222
  157 -0.592225180271357510       80          2
  158  0.592225180271357177       80        331
  159 -0.559394065798441198       81          2
  160  0.559394065798441420       81       3222
  161 -0.526562951325524886       82          2
  162  0.526562951325525441       82       3222
  163 -0.493731836852608574       83          2
  164  0.493731836852608241       83        331
  165 -0.460864215046260461       84          2
  166  0.460864215046261683       84       3222
  167 -0.427996593239912293       85          2
  168  0.427996593239909684       85       3222
  169 -0.395128971433564180       86          2
  170  0.395128971433566178       86       3222
  171 -0.362230334264579013       87          2
  172  0.362230334264580234       87       3222
  173 -0.329331697095593845       88          2
  174  0.329331697095591458       88       3222
  175 -0.296433059926608677       89          2
  176  0.296433059926608344       89        331
  177 -0.263510074445837683       90          2
  178  0.263510074445839515       90       3222
  179 -0.230587088965066689       91          2
  180  0.230587088965064135       91       3222
  181 -0.197664103484295667       92          2
  182  0.197664103484294806       92        331
  183 -0.164724356963729918       93          2
  184  0.164724356963736718       93       3222
  185 -0.131784610443164141       94          2
  186  0.131784610443167360       94       3222
  187 -0.988448639225984055E-01   95          2
  188  0.988448639225980585E-01   95        331
  189 -0.658965759483989971E-01   96          2
  190  0.658965759484061442E-01   96       3222
  191 -0.329482879741995888E-01   97          2
  192  0.329482879742142160E-01   97       3222
#gg4sort - thetasetset ithetasort ithetasort
    1  -3.14159265358979312        1          1
    2 -0.174063290097038284E-15    3          3
    3  -3.10864436561559376        5          5
    4   3.10864436561619684        7          7
    5  -3.07569607764139397        9          9
    6   3.07569607764170083       11         11
    7  -3.04274778966719461       13         13
    8   3.04274778966719461       15         15
    9  -3.00980804314662898       17         17
   10   3.00980804314662542       19         19
   11  -2.97686829662606289       21         21
   12   2.97686829662606156       23         23
   13  -2.94392855010549725       25         25
   14   2.94392855010549770       27         27
   15  -2.91100556462472637       29         29
   16   2.91100556462472815       31         31
   17  -2.87808257914395549       33         33
   18   2.87808257914395504       35         35
   19  -2.84515959366318461       37         37
   20   2.84515959366318372       39         39
   21  -2.81226095649419916       41         41
   22   2.81226095649419694       43         43
   23  -2.77936231932521416       45         45
   24   2.77936231932521283       47         47
   25  -2.74646368215622871       49         49
   26   2.74646368215622916       51         51
   27  -2.71359606034988055       53         53
   28   2.71359606034988055       55         55
   29  -2.68072843854353238       57         57
   30   2.68072843854353238       59         59
   31  -2.64786081673718421       61         61
   32   2.64786081673718421       63         63
   33  -2.61502970226426790       65         65
   34   2.61502970226426878       67         67
   35  -2.58219858779135203       69         69
   36   2.58219858779135247       71         71
   37  -2.54936747331843572       73         73
   38   2.54936747331843527       75         75
   39  -2.51657697083648291       77         77
   40   2.51657697083648335       79         79
   41  -2.48378646835453054       81         81
   42   2.48378646835453010       83         83
   43  -2.45099596587257773       85         85
   44   2.45099596587257818       87         87
   45  -2.41824863143353141       89         89
   46   2.41824863143353141       91         91
   47  -2.38550129699448465       93         93
   48   2.38550129699448465       95         95
   49  -2.35275396255543834       97         97
   50   2.35275396255543789       99         99
   51  -2.32005069996987157      101        101
   52   2.32005069996986979      103        103
   53  -2.28734743738430524      105        105
   54   2.28734743738430524      107        107
   55  -2.25464417479873847      109        109
   56   2.25464417479873758      111        111
   57  -2.22198419444386674      113        113
   58   2.22198419444386630      115        115
   59  -2.18932421408899547      117        117
   60   2.18932421408899458      119        119
   61  -2.15666423373412375      121        121
   62   2.15666423373412286      123        123
   63  -2.12404507636426709      125        125
   64   2.12404507636426487      127        127
   65  -2.09142591899441044      129        129
   66   2.09142591899441133      131        131
   67  -2.05880676162455378      133        133
   68   2.05880676162455378      135        135
   69  -2.02622438727006671      137        137
   70   2.02622438727006715      139        139
   71  -1.99364201291557941      141        141
   72   1.99364201291557874      143        143
   73  -1.96105963856109233      145        145
   74   1.96105963856109167      147        147
   75  -1.92850857797150765      149        149
   76   1.92850857797150743      151        151
   77  -1.89595751738192275      153        153
   78   1.89595751738192186      155        155
   79  -1.86340645679233807      157        157
   80   1.86340645679233741      159        159
   81  -1.83088002020809393      161        161
   82   1.83088002020809348      163        163
   83  -1.79835358362384956      165        165
   84   1.79835358362384889      167        167
   85  -1.76582714703960542      169        169
   86   1.76582714703960475      171        171
   87  -1.73331768250563223      173        173
   88   1.73331768250563067      175        175
   89  -1.70080821797165904      177        177
   90   1.70080821797165926      179        179
   91  -1.66829875343768586      181        181
   92   1.66829875343768497      183        183
   93  -1.63579794455675587      185        185
   94   1.63579794455675520      187        187
   95  -1.60329713567582588      189        189
   96   1.60329713567582477      191        191
   97  -1.57079632679489589        2          2
   98   1.57079632679489523      192        192
   99  -1.53829551791396590      190        190
  100   1.53829551791396435      188        188
  101  -1.50579470903303592      186        186
  102   1.50579470903303525      184        184
  103  -1.47329390015210593      182        182
  104   1.47329390015210482      180        180
  105  -1.44078443561813274      178        178
  106   1.44078443561813252      176        176
  107  -1.40827497108415978      174        174
  108   1.40827497108415844      172        172
  109  -1.37576550655018659      170        170
  110   1.37576550655018570      168        168
  111  -1.34323906996594244      166        166
  112   1.34323906996594156      164        164
  113  -1.31071263338169808      162        162
  114   1.31071263338169830      160        160
  115  -1.27818619679745393      158        158
  116   1.27818619679745282      156        156
  117  -1.24563513620786925      154        154
  118   1.24563513620786859      152        152
  119  -1.21308407561828457      150        150
  120   1.21308407561828435      148        148
  121  -1.18053301502869989      146        146
  122   1.18053301502869901      144        144
  123  -1.14795064067421282      142        142
  124   1.14795064067421215      140        140
  125  -1.11536826631972552      138        138
  126   1.11536826631972419      136        136
  127  -1.08278589196523845      134        134
  128   1.08278589196523733      132        132
  129  -1.05016673459538179      130        130
  130   1.05016673459538135      128        128
  131  -1.01754757722552513      126        126
  132   1.01754757722552469      124        124
  133 -0.984928419855668480      122        122
  134  0.984928419855667370      120        120
  135 -0.952268439500796982      118        118
  136  0.952268439500795094      116        116
  137 -0.919608459145925483      114        114
  138  0.919608459145923707      112        112
  139 -0.886948478791053985      110        110
  140  0.886948478791051542      108        108
  141 -0.854245216205487323      106        106
  142  0.854245216205486768      104        104
  143 -0.821541953619920662      102        102
  144  0.821541953619920440      100        100
  145 -0.788838691034354000       98         98
  146  0.788838691034353556       96         96
  147 -0.756091356595307573       94         94
  148  0.756091356595306352       92         92
  149 -0.723344022156261257       90         90
  150  0.723344022156261590       88         88
  151 -0.690596687717214830       86         86
  152  0.690596687717215829       84         84
  153 -0.657806185235262353       82         82
  154  0.657806185235262575       80         80
  155 -0.625015682753309987       78         78
  156  0.625015682753309099       76         76
  157 -0.592225180271357510       74         74
  158  0.592225180271357177       72         72
  159 -0.559394065798441198       70         70
  160  0.559394065798441420       68         68
  161 -0.526562951325524886       66         66
  162  0.526562951325525441       64         64
  163 -0.493731836852608574       62         62
  164  0.493731836852608241       60         60
  165 -0.460864215046260461       58         58
  166  0.460864215046261683       56         56
  167 -0.427996593239912293       54         54
  168  0.427996593239909684       52         52
  169 -0.395128971433564180       50         50
  170  0.395128971433566178       48         48
  171 -0.362230334264579013       46         46
  172  0.362230334264580234       44         44
  173 -0.329331697095593845       42         42
  174  0.329331697095591458       40         40
  175 -0.296433059926608677       38         38
  176  0.296433059926608344       36         36
  177 -0.263510074445837683       34         34
  178  0.263510074445839515       32         32
  179 -0.230587088965066689       30         30
  180  0.230587088965064135       28         28
  181 -0.197664103484295667       26         26
  182  0.197664103484294806       24         24
  183 -0.164724356963729918       22         22
  184  0.164724356963736718       20         20
  185 -0.131784610443164141       18         18
  186  0.131784610443167360       16         16
  187 -0.988448639225984055E-01   14         14
  188  0.988448639225980585E-01   12         12
  189 -0.658965759483989971E-01   10         10
  190  0.658965759484061442E-01    8          8
  191 -0.329482879741995888E-01    6          6
  192  0.329482879742142160E-01    4          4
#gg4sort - bmagset ibmagsort ibmagsort
    1   1.22435926768113812      192        192
    2  0.874542334057955562      132        132
    3   1.22420474199295914      123        123
    4   1.22375831969378601      124        124
    5   1.22302123310916566      125        125
    6   1.22197903180016509      126        126
    7   1.22065067651250136      127        127
    8   1.21903980630581388      128        128
    9   1.21713542486059079      129        129
   10   1.21495733141825180      130        130
   11   1.21251140274362501      131        131
   12   1.20979063240943630      133        133
   13   1.20681470533431479      121        121
   14   1.20359146939537176      134        134
   15   1.20011818589680641      135        135
   16   1.19641356543649424      136        136
   17   1.19248708348828791      137        137
   18   1.18834027120224728      138        138
   19   1.18399016121825595      139        139
   20   1.17944746138878420      140        140
   21   1.17471770844043899      141        141
   22   1.16981575215857792      142        142
   23   1.16475311281010852      122        122
   24   1.15953883606863850      120        120
   25   1.15418530066350855      144        144
   26   1.14870442055221988      108        108
   27   1.14310807479206833       99         99
   28   1.13740609333951848      100        100
   29   1.13161038917565282      101        101
   30   1.12573488595292459      102        102
   31   1.11978697066809163      103        103
   32   1.11377820288539708      104        104
   33   1.10772371899535615      105        105
   34   1.10162871041383847      106        106
   35   1.09550408589227466      107        107
   36   1.08936538676146188      109        109
   37   1.08321594776215591      119        119
   38   1.07706579192458496      110        110
   39   1.07093013962335526      111        111
   40   1.06481084823398464      112        112
   41   1.05871688520016338      113        113
   42   1.05266255003580467      114        114
   43   1.04664859632198870      115        115
   44   1.04068282955986158      116        116
   45   1.03477818241293829      117        117
   46   1.02893463579221867      118        118
   47   1.02315878571803731      143        143
   48   1.01746191728371049      145        145
   49   1.01184350265794620       98         98
   50   1.00630893274126176      146        146
   51   1.00086772574397287      181        181
   52  0.995519029630245744      172        172
   53  0.990267078144474122      173        173
   54  0.985119648298025230      174        174
   55  0.980075668323166949      175        175
   56  0.975138297428031153      176        176
   57  0.970313716628828482      177        177
   58  0.965600667459754813      178        178
   59  0.961001342870107966      179        179
   60  0.956520561831305294      180        180
   61  0.952156855835106675      182        182
   62  0.947911576928842092      170        170
   63  0.943788472267079737      183        183
   64  0.939785802059906472      184        184
   65  0.935904212087457776      185        185
   66  0.932146693101885471      186        186
   67  0.928511154059139532      187        187
   68  0.924997671607594718      188        188
   69  0.921608793307928220      189        189
   70  0.918341995798029997      190        190
   71  0.915196920623390753      191        191
   72  0.912175960956560394      171        171
   73  0.909276093567597532      169        169
   74  0.906496651434894773      147        147
   75  0.903840121398762686      157        157
   76  0.901302937068988452      148        148
   77  0.898884238699046878      149        149
   78  0.896586803623912298      150        150
   79  0.894406509914086878      151        151
   80  0.892342408125840314      152        152
   81  0.890397706548506251      153        153
   82  0.888567749048025157      154        154
   83  0.886851585495226913      155        155
   84  0.885252938599383477      156        156
   85  0.883766672535934328      158        158
   86  0.882391911009567043      168        168
   87  0.881132920535273145      159        159
   88  0.879984170077227845      160        160
   89  0.878944917241059276      161        161
   90  0.878019953146360277      162        162
   91  0.877203460759394149      163        163
   92  0.876494877554965579      164        164
   93  0.875899458686841936      165        165
   94  0.875411228408018993      166        166
   95  0.875029836414467965      167        167
   96  0.874760908207391830        2          2
   97  0.874598447051213812       97         97
   98   0.00000000000000000       96         96
   99   0.00000000000000000       95         95
  100   0.00000000000000000       94         94
  101   0.00000000000000000       93         93
  102   0.00000000000000000       92         92
  103   0.00000000000000000       91         91
  104   0.00000000000000000       90         90
  105   0.00000000000000000       89         89
  106   0.00000000000000000       88         88
  107   0.00000000000000000       87         87
  108   0.00000000000000000       86         86
  109   0.00000000000000000       85         85
  110   0.00000000000000000       84         84
  111   0.00000000000000000       83         83
  112   0.00000000000000000       82         82
  113   0.00000000000000000       81         81
  114   0.00000000000000000       80         80
  115   0.00000000000000000       79         79
  116   0.00000000000000000       78         78
  117   0.00000000000000000       77         77
  118   0.00000000000000000       76         76
  119   0.00000000000000000       75         75
  120   0.00000000000000000       74         74
  121   0.00000000000000000       73         73
  122   0.00000000000000000       72         72
  123   0.00000000000000000       71         71
  124   0.00000000000000000       70         70
  125   0.00000000000000000       69         69
  126   0.00000000000000000       68         68
  127   0.00000000000000000       67         67
  128   0.00000000000000000       66         66
  129   0.00000000000000000       65         65
  130   0.00000000000000000       64         64
  131   0.00000000000000000       63         63
  132   0.00000000000000000       62         62
  133   0.00000000000000000       61         61
  134   0.00000000000000000       60         60
  135   0.00000000000000000       59         59
  136   0.00000000000000000       58         58
  137   0.00000000000000000       57         57
  138   0.00000000000000000       56         56
  139   0.00000000000000000       55         55
  140   0.00000000000000000       54         54
  141   0.00000000000000000       53         53
  142   0.00000000000000000       52         52
  143   0.00000000000000000       51         51
  144   0.00000000000000000       50         50
  145   0.00000000000000000       49         49
  146   0.00000000000000000       48         48
  147   0.00000000000000000       47         47
  148   0.00000000000000000       46         46
  149   0.00000000000000000       45         45
  150   0.00000000000000000       44         44
  151   0.00000000000000000       43         43
  152   0.00000000000000000       42         42
  153   0.00000000000000000       41         41
  154   0.00000000000000000       40         40
  155   0.00000000000000000       39         39
  156   0.00000000000000000       38         38
  157   0.00000000000000000       37         37
  158   0.00000000000000000       36         36
  159   0.00000000000000000       35         35
  160   0.00000000000000000       34         34
  161   0.00000000000000000       33         33
  162   0.00000000000000000       32         32
  163   0.00000000000000000       31         31
  164   0.00000000000000000       30         30
  165   0.00000000000000000       29         29
  166   0.00000000000000000       28         28
  167   0.00000000000000000       27         27
  168   0.00000000000000000       26         26
  169   0.00000000000000000       25         25
  170   0.00000000000000000       24         24
  171   0.00000000000000000       23         23
  172   0.00000000000000000       22         22
  173   0.00000000000000000       21         21
  174   0.00000000000000000       20         20
  175   0.00000000000000000       19         19
  176   0.00000000000000000       18         18
  177   0.00000000000000000       17         17
  178   0.00000000000000000       16         16
  179   0.00000000000000000       15         15
  180   0.00000000000000000       14         14
  181   0.00000000000000000       13         13
  182   0.00000000000000000       12         12
  183   0.00000000000000000       11         11
  184   0.00000000000000000       10         10
  185   0.00000000000000000        9          9
  186   0.00000000000000000        8          8
  187   0.00000000000000000        7          7
  188   0.00000000000000000        6          6
  189   0.00000000000000000        5          5
  190   0.00000000000000000        4          4
  191   0.00000000000000000        3          3
  192   0.00000000000000000        1          1
#gg4metrics - thetares alambdares
    1  0.200000000000000000E+21  0.245790323978102554E-03
    2  0.100000000000000000E+21  0.122249987377217803E-03
    3  0.164741439870997874E-01  0.184620829858001630E-03
    4  0.164741439871751716E-01  0.513598344815685321E-03
    5  0.164720083469103162E-01  0.555541686324973740E-03
    6  0.164698732602830966E-01  0.809946183042007306E-03
    7  0.164698732602824305E-01  0.113535087796541568E-02
    8  0.164656819339778285E-01  0.102188819093355292E-02
    9  0.164614927403855527E-01  0.129052791800703440E-02
   10  0.164614927403857747E-01  0.164652310021220225E-02
   11  0.164554034107465344E-01  0.142732407734656925E-02
   12  0.164493185844926670E-01  0.165773017423702916E-02
   13  0.164493185844922785E-01  0.210286953317872539E-02
   14  0.164415610871225838E-01  0.179456535501714082E-02
   15  0.164338109031741397E-01  0.203053786186547808E-02
   16  0.164338109031740842E-01  0.252131281147532308E-02
   17  0.164246789982367448E-01  0.213251750285236262E-02
   18  0.164155572364579894E-01  0.237434470639821555E-02
   19  0.164155572364582114E-01  0.290959530698100535E-02
   20  0.164053979552169389E-01  0.244560248535517734E-02
   21  0.163952512409762940E-01  0.269310053315226358E-02
   22  0.163952512409762940E-01  0.327177757947334866E-02
   23  0.163844521218371800E-01  0.273617359934442495E-02
   24  0.163736672195233246E-01  0.298892886032681290E-02
   25  0.163736672195233246E-01  0.361008864067924188E-02
   26  0.163626418370910361E-01  0.300545981320134419E-02
   27  0.163516312927832197E-01  0.340178403079866238E-02
   28  0.163516312927831642E-01  0.392573675720233640E-02
   29  0.163408035699530475E-01  0.325402236753445043E-02
   30  0.163299901774357492E-01  0.367186674362260379E-02
   31  0.163299901774358047E-01  0.421933093622819250E-02
   32  0.163197780489131167E-01  0.348200917691230457E-02
   33  0.163095786849281055E-01  0.374709489875868626E-02
   34  0.163095786849280500E-01  0.449113132927163056E-02
   35  0.163003777433619289E-01  0.368931697145420722E-02
   36  0.162911871772436767E-01  0.415030750388606633E-02
   37  0.162911871772437322E-01  0.474121577756698390E-02
   38  0.162833549723906748E-01  0.387570716302092135E-02
   39  0.162755302947924230E-01  0.435854281683898878E-02
   40  0.162755302947924507E-01  0.496960156726950798E-02
   41  0.162693719641510692E-01  0.404088869388364528E-02
   42  0.162632182921221280E-01  0.431283648262917839E-02
   43  0.162632182921221558E-01  0.517633937943671064E-02
   44  0.162589741722795195E-01  0.418458315433835933E-02
   45  0.162547322669864824E-01  0.445777651919173224E-02
   46  0.162547322669865102E-01  0.536158723636004884E-02
   47  0.162525680656163268E-01  0.430657262801084888E-02
   48  0.162504044404650216E-01  0.458061608040846637E-02
   49  0.162504044404649939E-01  0.552566734558654349E-02
   50  0.162504044404650494E-01  0.440672726213352847E-02
   51  0.162504044404649939E-01  0.498333966825311066E-02
   52  0.162504044404649384E-01  0.566910584364513186E-02
   53  0.162525680656161603E-01  0.448501414169878970E-02
   54  0.162547322669865657E-01  0.508822256440284292E-02
   55  0.162547322669866212E-01  0.579265547092463768E-02
   56  0.162589741722793529E-01  0.454147733260287182E-02
   57  0.162632182921219892E-01  0.517343927017906852E-02
   58  0.162632182921221558E-01  0.589729990360409687E-02
   59  0.162693719641512358E-01  0.457619295978517731E-02
   60  0.162755302947922287E-01  0.485158202468064480E-02
   61  0.162755302947923675E-01  0.598424056760413648E-02
   62  0.162833549723907824E-01  0.458918210236951112E-02
   63  0.162911871772436490E-01  0.528786415304183591E-02
   64  0.162911871772436490E-01  0.605486498383289110E-02
   65  0.163003777433617589E-01  0.458028665521096300E-02
   66  0.163095786849282443E-01  0.485628301577397791E-02
   67  0.163095786849284108E-01  0.611069936887011049E-02
   68  0.163197780489130750E-01  0.454896488353872652E-02
   69  0.163299901774358325E-01  0.482536865511305584E-02
   70  0.163299901774358186E-01  0.615334274797783767E-02
   71  0.163408035699527561E-01  0.449400061475764643E-02
   72  0.163516312927830532E-01  0.533204634934473023E-02
   73  0.163516312927833168E-01  0.618438114402820784E-02
   74  0.163626418370909389E-01  0.441303982647285771E-02
   75  0.163736672195230887E-01  0.468992906267184234E-02
   76  0.163736672195229083E-01  0.620527140485944376E-02
   77  0.163844521218371938E-01  0.430181771398166664E-02
   78  0.163952512409764467E-01  0.457810837005796344E-02
   79  0.163952512409762802E-01  0.621716455514836463E-02
   80  0.164053979552167169E-01  0.415279154627244684E-02
   81  0.164155572364580449E-01  0.442691655504463301E-02
   82  0.164155572364582253E-01  0.622059099285021937E-02
   83  0.164246789982367622E-01  0.395245663706465713E-02
   84  0.164338109031743548E-01  0.422117724051395207E-02
   85  0.164338109031739732E-01  0.621477087502514750E-02
   86  0.164415610871221883E-01  0.367548477586165413E-02
   87  0.164493185844931319E-01  0.393208759689035389E-02
   88  0.164493185844927781E-01  0.619572089449741455E-02
   89  0.164554034107457434E-01  0.326992626244385380E-02
   90  0.164614927403857747E-01  0.489954930588586222E-02
   91  0.164614927403858406E-01  0.614933646540652586E-02
   92  0.164656819339771103E-01  0.261146461273005590E-02
   93  0.164698732602823715E-01  0.462967078756987196E-02
   94  0.164698732602837697E-01  0.601054819665137758E-02
   95  0.164720083468710699E-01  0.130808511631977636E-02
   96  0.164741439870978307E-01  0.129946860908002559E-02
   97  0.164741439871006444E-01  0.395108115484466525E-02
   98   0.00000000000000000       0.00000000000000000    
   99   0.00000000000000000       0.00000000000000000    
  100   0.00000000000000000       0.00000000000000000    
  101   0.00000000000000000       0.00000000000000000    
  102   0.00000000000000000       0.00000000000000000    
  103   0.00000000000000000       0.00000000000000000    
  104   0.00000000000000000       0.00000000000000000    
  105   0.00000000000000000       0.00000000000000000    
  106   0.00000000000000000       0.00000000000000000    
  107   0.00000000000000000       0.00000000000000000    
  108   0.00000000000000000       0.00000000000000000    
  109   0.00000000000000000       0.00000000000000000    
  110   0.00000000000000000       0.00000000000000000    
  111   0.00000000000000000       0.00000000000000000    
  112   0.00000000000000000       0.00000000000000000    
  113   0.00000000000000000       0.00000000000000000    
  114   0.00000000000000000       0.00000000000000000    
  115   0.00000000000000000       0.00000000000000000    
  116   0.00000000000000000       0.00000000000000000    
  117   0.00000000000000000       0.00000000000000000    
  118   0.00000000000000000       0.00000000000000000    
  119   0.00000000000000000       0.00000000000000000    
  120   0.00000000000000000       0.00000000000000000    
  121   0.00000000000000000       0.00000000000000000    
  122   0.00000000000000000       0.00000000000000000    
  123   0.00000000000000000       0.00000000000000000    
  124   0.00000000000000000       0.00000000000000000    
  125   0.00000000000000000       0.00000000000000000    
  126   0.00000000000000000       0.00000000000000000    
  127   0.00000000000000000       0.00000000000000000    
  128   0.00000000000000000       0.00000000000000000    
  129   0.00000000000000000       0.00000000000000000    
  130   0.00000000000000000       0.00000000000000000    
  131   0.00000000000000000       0.00000000000000000    
  132   0.00000000000000000       0.00000000000000000    
  133   0.00000000000000000       0.00000000000000000    
  134   0.00000000000000000       0.00000000000000000    
  135   0.00000000000000000       0.00000000000000000    
  136   0.00000000000000000       0.00000000000000000    
  137   0.00000000000000000       0.00000000000000000    
  138   0.00000000000000000       0.00000000000000000    
  139   0.00000000000000000       0.00000000000000000    
  140   0.00000000000000000       0.00000000000000000    
  141   0.00000000000000000       0.00000000000000000    
  142   0.00000000000000000       0.00000000000000000    
  143   0.00000000000000000       0.00000000000000000    
  144   0.00000000000000000       0.00000000000000000    
  145   0.00000000000000000       0.00000000000000000    
  146   0.00000000000000000       0.00000000000000000    
  147   0.00000000000000000       0.00000000000000000    
  148   0.00000000000000000       0.00000000000000000    
  149   0.00000000000000000       0.00000000000000000    
  150   0.00000000000000000       0.00000000000000000    
  151   0.00000000000000000       0.00000000000000000    
  152   0.00000000000000000       0.00000000000000000    
  153   0.00000000000000000       0.00000000000000000    
  154   0.00000000000000000       0.00000000000000000    
  155   0.00000000000000000       0.00000000000000000    
  156   0.00000000000000000       0.00000000000000000    
  157   0.00000000000000000       0.00000000000000000    
  158   0.00000000000000000       0.00000000000000000    
  159   0.00000000000000000       0.00000000000000000    
  160   0.00000000000000000       0.00000000000000000    
  161   0.00000000000000000       0.00000000000000000    
  162   0.00000000000000000       0.00000000000000000    
  163   0.00000000000000000       0.00000000000000000    
  164   0.00000000000000000       0.00000000000000000    
  165   0.00000000000000000       0.00000000000000000    
  166   0.00000000000000000       0.00000000000000000    
  167   0.00000000000000000       0.00000000000000000    
  168   0.00000000000000000       0.00000000000000000    
  169   0.00000000000000000       0.00000000000000000    
  170   0.00000000000000000       0.00000000000000000    
  171   0.00000000000000000       0.00000000000000000    
  172   0.00000000000000000       0.00000000000000000    
  173   0.00000000000000000       0.00000000000000000    
  174   0.00000000000000000       0.00000000000000000    
  175   0.00000000000000000       0.00000000000000000    
  176   0.00000000000000000       0.00000000000000000    
  177   0.00000000000000000       0.00000000000000000    
  178   0.00000000000000000       0.00000000000000000    
  179   0.00000000000000000       0.00000000000000000    
  180   0.00000000000000000       0.00000000000000000    
  181   0.00000000000000000       0.00000000000000000    
  182   0.00000000000000000       0.00000000000000000    
  183   0.00000000000000000       0.00000000000000000    
  184   0.00000000000000000       0.00000000000000000    
  185   0.00000000000000000       0.00000000000000000    
  186   0.00000000000000000       0.00000000000000000    
  187   0.00000000000000000       0.00000000000000000    
  188   0.00000000000000000       0.00000000000000000    
  189   0.00000000000000000       0.00000000000000000    
  190   0.00000000000000000       0.00000000000000000    
  191   0.00000000000000000       0.00000000000000000    
  192   0.00000000000000000       0.00000000000000000    
#gg4results - output grid - thetagrid thetagrid
    1  -3.14159265358979312       1.22435926768113812    
    2  -3.07569607764139397       1.22375831969378601    
    3  -2.97686829662606289       1.22065067651250136    
    4  -2.87808257914395549       1.21495733141825180    
    5  -2.77936231932521416       1.20681470533431479    
    6  -2.68072843854353238       1.19641356543649424    
    7  -2.58219858779135203       1.18399016121825595    
    8  -2.48378646835453054       1.16981575215857792    
    9  -2.38550129699448465       1.15418530066350855    
   10  -2.28734743738430524       1.13740609333951848    
   11  -2.18932421408899547       1.11978697066809163    
   12  -2.09142591899441044       1.10162871041383847    
   13  -1.99364201291557941       1.08321594776215591    
   14  -1.89595751738192275       1.06481084823398464    
   15  -1.79835358362384956       1.04664859632198870    
   16  -1.70080821797165904       1.02893463579221867    
   17  -1.60329713567582588       1.01184350265794620    
   18  -1.47329390015210593      0.990267078144474122    
   19  -1.34323906996594244      0.970313716628828482    
   20  -1.21308407561828457      0.952156855835106675    
   21  -1.08278589196523845      0.935904212087457776    
   22 -0.952268439500796982      0.921608793307928220    
   23 -0.821541953619920662      0.909276093567597532    
   24 -0.690596687717214830      0.898884238699046878    
   25 -0.559394065798441198      0.890397706548506251    
   26 -0.493731836852608574      0.886851585495226913    
   27 -0.427996593239912293      0.883766672535934328    
   28 -0.362230334264579013      0.881132920535273145    
   29 -0.296433059926608677      0.878944917241059276    
   30 -0.230587088965066689      0.877203460759394149    
   31 -0.164724356963729918      0.875899458686841936    
   32 -0.988448639225984055E-01  0.875029836414467965    
   33 -0.174063290097038284E-15  0.874542334057955562    
   34  0.988448639225980585E-01  0.875029836414467965    
   35  0.164724356963736718      0.875899458686841936    
   36  0.230587088965064135      0.877203460759394149    
   37  0.296433059926608344      0.878944917241059276    
   38  0.362230334264580234      0.881132920535273145    
   39  0.427996593239909684      0.883766672535934328    
   40  0.493731836852608241      0.886851585495226913    
   41  0.559394065798441420      0.890397706548506251    
   42  0.690596687717215829      0.898884238699046878    
   43  0.821541953619920440      0.909276093567597532    
   44  0.952268439500795094      0.921608793307928220    
   45   1.08278589196523733      0.935904212087457776    
   46   1.21308407561828435      0.952156855835106675    
   47   1.34323906996594156      0.970313716628828482    
   48   1.47329390015210482      0.990267078144474122    
   49   1.60329713567582477       1.01184350265794620    
   50   1.70080821797165926       1.02893463579221867    
   51   1.79835358362384889       1.04664859632198870    
   52   1.89595751738192186       1.06481084823398464    
   53   1.99364201291557874       1.08321594776215591    
   54   2.09142591899441133       1.10162871041383847    
   55   2.18932421408899458       1.11978697066809163    
   56   2.28734743738430524       1.13740609333951848    
   57   2.38550129699448465       1.15418530066350855    
   58   2.48378646835453010       1.16981575215857792    
   59   2.58219858779135247       1.18399016121825595    
   60   2.68072843854353238       1.19641356543649424    
   61   2.77936231932521283       1.20681470533431479    
   62   2.87808257914395504       1.21495733141825180    
   63   2.97686829662606156       1.22065067651250136    
   64   3.07569607764170083       1.22375831969378601    
   65   3.14159265358979312       1.22435926768113812    
#gg4results - output 1/lambda - bset bset
    1   1.22435926768113812       1.22435926768113812    
    2   1.22375831969378601       1.22375831969378601    
    3   1.22065067651250136       1.22065067651250136    
    4   1.21495733141825180       1.21495733141825180    
    5   1.20681470533431479       1.20681470533431479    
    6   1.19641356543649424       1.19641356543649424    
    7   1.18399016121825595       1.18399016121825595    
    8   1.16981575215857792       1.16981575215857792    
    9   1.15418530066350855       1.15418530066350855    
   10   1.13740609333951848       1.13740609333951848    
   11   1.11978697066809163       1.11978697066809163    
   12   1.10162871041383847       1.10162871041383847    
   13   1.08321594776215591       1.08321594776215591    
   14   1.06481084823398464       1.06481084823398464    
   15   1.04664859632198870       1.04664859632198870    
   16   1.02893463579221867       1.02893463579221867    
   17   1.01184350265794620       1.01184350265794620    
   18  0.990267078144474122      0.990267078144474122    
   19  0.970313716628828482      0.970313716628828482    
   20  0.952156855835106675      0.952156855835106675    
   21  0.935904212087457776      0.935904212087457776    
   22  0.921608793307928220      0.921608793307928220    
   23  0.909276093567597532      0.909276093567597532    
   24  0.898884238699046878      0.898884238699046878    
   25  0.890397706548506251      0.890397706548506251    
   26  0.886851585495226913      0.886851585495226913    
   27  0.883766672535934328      0.883766672535934328    
   28  0.881132920535273145      0.881132920535273145    
   29  0.878944917241059276      0.878944917241059276    
   30  0.877203460759394149      0.877203460759394149    
   31  0.875899458686841936      0.875899458686841936    
   32  0.875029836414467965      0.875029836414467965    
   33  0.874542334057955562      0.874542334057955562    
