 nbmag=          65
 thetain,bmagin=
  -3.1415926535897931        1.2108868405441420     
  -3.0432846064137240        1.2096900269563711     
  -2.9449816759451766        1.2061257209503113     
  -2.8466887830256713        1.2002711032620061     
  -2.7484104641756315        1.1922508354591208     
  -2.6501506976938467        1.1822314552291748     
  -2.5519127509280617        1.1704141905504564     
  -2.4536990545623310        1.1570267492329254     
  -2.3555111087745693        1.1423146724000210     
  -2.2573494249358745        1.1265328099221381     
  -2.1592135051906185        1.1099373948166247     
  -2.0611018608187930        1.0927790797660490     
  -1.9630120687922856        1.0752971711502775     
  -1.8649408644517838        1.0577151713184461     
  -1.7668842668101299        1.0402376310033830     
  -1.6688377316909784        1.0230482284473663     
  -1.5707963267948963        1.0063089327412622     
  -1.4727549218988145       0.99016007498238123     
  -1.3747083867796630       0.97472113847234276     
  -1.2766517891380087       0.96009208337027485     
  -1.1785805847975070       0.94635503681798483     
  -1.0804907927709997       0.93357620186427215     
 -0.98237914839917406       0.92180786369835177     
 -0.88424322865391813       0.91109039691038141     
 -0.78608154481522363       0.90145420082719530     
 -0.68789359902746217       0.89292151031858136     
 -0.58967990266173131       0.88550804634457436     
 -0.49144195589594586       0.87922448386219421     
 -0.39318218941416105       0.87407772475491075     
 -0.29490387056412171       0.87007197056976759     
 -0.19661097764461591       0.86720959449541790     
  -9.8308047176068405E-002  0.86549181465058389     
  -1.2992051056726855E-016  0.86491917181724420     
   9.8308047176068655E-002  0.86549181465058389     
  0.19661097764461566       0.86720959449541790     
  0.29490387056412148       0.87007197056976759     
  0.39318218941416128       0.87407772475491075     
  0.49144195589594658       0.87922448386219421     
  0.58967990266173165       0.88550804634457436     
  0.68789359902746239       0.89292151031858136     
  0.78608154481522396       0.90145420082719530     
  0.88424322865391791       0.91109039691038141     
  0.98237914839917428       0.92180786369835177     
   1.0804907927709995       0.93357620186427215     
   1.1785805847975064       0.94635503681798483     
   1.2766517891380083       0.96009208337027485     
   1.3747083867796623       0.97472113847234265     
   1.4727549218988145       0.99016007498238123     
   1.5707963267948963        1.0063089327412622     
   1.6688377316909784        1.0230482284473663     
   1.7668842668101299        1.0402376310033830     
   1.8649408644517840        1.0577151713184461     
   1.9630120687922863        1.0752971711502775     
   2.0611018608187934        1.0927790797660490     
   2.1592135051906181        1.1099373948166247     
   2.2573494249358736        1.1265328099221381     
   2.3555111087745684        1.1423146724000210     
   2.4536990545623310        1.1570267492329254     
   2.5519127509280621        1.1704141905504564     
   2.6501506976938467        1.1822314552291748     
   2.7484104641756315        1.1922508354591208     
   2.8466887830256717        1.2002711032620061     
   2.9449816759451770        1.2061257209503113     
   3.0432846064137240        1.2096900269563711     
   3.1415926535897927        1.2108868405441420     
 alknob=   0.0000000000000000     
 epsknob=   1.0000000000000001E-005
 bpknob=   1.0000000000000000E-008
 extrknob=   0.0000000000000000     
 thetamax=   0.0000000000000000     
 deltaw,widthw=   0.0000000000000000        1.0000000000000000     
 tension=   1.0000000000000000     
 ntheta,nlambda=          64          33
#gg4init - input grid - thetain bmagin 
    1  -3.14159265358979312       1.21088684054414197    
    2  -3.04328460641372400       1.20969002695637107    
    3  -2.94498167594517657       1.20612572095031134    
    4  -2.84668878302567130       1.20027110326200614    
    5  -2.74841046417563151       1.19225083545912081    
    6  -2.65015069769384670       1.18223145522917483    
    7  -2.55191275092806169       1.17041419055045637    
    8  -2.45369905456233095       1.15702674923292537    
    9  -2.35551110877456926       1.14231467240002105    
   10  -2.25734942493587454       1.12653280992213811    
   11  -2.15921350519061850       1.10993739481662468    
   12  -2.06110186081879299       1.09277907976604904    
   13  -1.96301206879228562       1.07529717115027745    
   14  -1.86494086445178375       1.05771517131844606    
   15  -1.76688426681012989       1.04023763100338296    
   16  -1.66883773169097838       1.02304822844736631    
   17  -1.57079632679489634       1.00630893274126221    
   18  -1.47275492189881452      0.990160074982381233    
   19  -1.37470838677966301      0.974721138472342763    
   20  -1.27665178913800870      0.960092083370274851    
   21  -1.17858058479750705      0.946355036817984829    
   22  -1.08049079277099969      0.933576201864272148    
   23 -0.982379148399174063      0.921807863698351770    
   24 -0.884243228653918134      0.911090396910381406    
   25 -0.786081544815223632      0.901454200827195296    
   26 -0.687893599027462166      0.892921510318581357    
   27 -0.589679902661731314      0.885508046344574362    
   28 -0.491441955895945859      0.879224483862194206    
   29 -0.393182189414161054      0.874077724754910745    
   30 -0.294903870564121706      0.870071970569767594    
   31 -0.196610977644615909      0.867209594495417901    
   32 -0.983080471760684055E-01  0.865491814650583891    
   33 -0.129920510567268551E-15  0.864919171817244203    
   34  0.983080471760686553E-01  0.865491814650583891    
   35  0.196610977644615659      0.867209594495417901    
   36  0.294903870564121484      0.870071970569767594    
   37  0.393182189414161276      0.874077724754910745    
   38  0.491441955895946581      0.879224483862194206    
   39  0.589679902661731647      0.885508046344574362    
   40  0.687893599027462388      0.892921510318581357    
   41  0.786081544815223965      0.901454200827195296    
   42  0.884243228653917912      0.911090396910381406    
   43  0.982379148399174285      0.921807863698351770    
   44   1.08049079277099946      0.933576201864272148    
   45   1.17858058479750638      0.946355036817984829    
   46   1.27665178913800825      0.960092083370274851    
   47   1.37470838677966234      0.974721138472342652    
   48   1.47275492189881452      0.990160074982381233    
   49   1.57079632679489634       1.00630893274126221    
   50   1.66883773169097838       1.02304822844736631    
   51   1.76688426681012989       1.04023763100338296    
   52   1.86494086445178398       1.05771517131844606    
   53   1.96301206879228629       1.07529717115027745    
   54   2.06110186081879343       1.09277907976604904    
   55   2.15921350519061805       1.10993739481662468    
   56   2.25734942493587365       1.12653280992213811    
   57   2.35551110877456837       1.14231467240002105    
   58   2.45369905456233095       1.15702674923292537    
   59   2.55191275092806213       1.17041419055045637    
   60   2.65015069769384670       1.18223145522917483    
   61   2.74841046417563151       1.19225083545912081    
   62   2.84668878302567174       1.20027110326200614    
   63   2.94498167594517701       1.20612572095031134    
   64   3.04328460641372400       1.20969002695637107    
   65   3.14159265358979267       1.21088684054414197    
#gg4start - starting grid - thetastart thetastart
    1  -3.14159265358979312      -3.14159265358979312    
    2 -0.129920510567268551E-15 -0.129920510567268551E-15
    3  -3.10882330453110356      -3.10882330453110356    
    4  -3.07605395547241356      -3.07605395547241356    
    5  -3.04328460641372400      -3.04328460641372400    
    6  -3.01051696292420834      -3.01051696292420834    
    7  -2.97774931943469223      -2.97774931943469223    
    8  -2.94498167594517657      -2.94498167594517657    
    9  -2.91221737830534133      -2.91221737830534133    
   10  -2.87945308066550654      -2.87945308066550654    
   11  -2.84668878302567130      -2.84668878302567130    
   12  -2.81392934340899137      -2.81392934340899137    
   13  -2.78116990379231144      -2.78116990379231144    
   14  -2.74841046417563151      -2.74841046417563151    
   15  -2.71565720868170324      -2.71565720868170324    
   16  -2.68290395318777497      -2.68290395318777497    
   17  -2.65015069769384670      -2.65015069769384670    
   18  -2.61740471543858488      -2.61740471543858488    
   19  -2.58465873318332351      -2.58465873318332351    
   20  -2.55191275092806169      -2.55191275092806169    
   21  -2.51917485213948478      -2.51917485213948478    
   22  -2.48643695335090786      -2.48643695335090786    
   23  -2.45369905456233095      -2.45369905456233095    
   24  -2.42096973929974357      -2.42096973929974357    
   25  -2.38824042403715664      -2.38824042403715664    
   26  -2.35551110877456926      -2.35551110877456926    
   27  -2.32279054749500435      -2.32279054749500435    
   28  -2.29006998621543945      -2.29006998621543945    
   29  -2.25734942493587454      -2.25734942493587454    
   30  -2.22463745168745586      -2.22463745168745586    
   31  -2.19192547843903718      -2.19192547843903718    
   32  -2.15921350519061850      -2.15921350519061850    
   33  -2.12650962373334318      -2.12650962373334318    
   34  -2.09380574227606830      -2.09380574227606830    
   35  -2.06110186081879299      -2.06110186081879299    
   36  -2.02840526347662387      -2.02840526347662387    
   37  -1.99570866613445475      -1.99570866613445475    
   38  -1.96301206879228562      -1.96301206879228562    
   39  -1.93032166734545174      -1.93032166734545174    
   40  -1.89763126589861764      -1.89763126589861764    
   41  -1.86494086445178375      -1.86494086445178375    
   42  -1.83225533190456580      -1.83225533190456580    
   43  -1.79956979935734784      -1.79956979935734784    
   44  -1.76688426681012989      -1.76688426681012989    
   45  -1.73420208843707946      -1.73420208843707946    
   46  -1.70151991006402881      -1.70151991006402881    
   47  -1.66883773169097838      -1.66883773169097838    
   48  -1.63615726339228429      -1.63615726339228429    
   49  -1.60347679509359042      -1.60347679509359042    
   50  -1.57079632679489634      -1.57079632679489634    
   51  -1.53811585849620247      -1.53811585849620247    
   52  -1.50543539019750838      -1.50543539019750838    
   53  -1.47275492189881452      -1.47275492189881452    
   54  -1.44007274352576409      -1.44007274352576409    
   55  -1.40739056515271344      -1.40739056515271344    
   56  -1.37470838677966301      -1.37470838677966301    
   57  -1.34202285423244483      -1.34202285423244483    
   58  -1.30933732168522687      -1.30933732168522687    
   59  -1.27665178913800870      -1.27665178913800870    
   60  -1.24396138769117481      -1.24396138769117481    
   61  -1.21127098624434093      -1.21127098624434093    
   62  -1.17858058479750705      -1.17858058479750705    
   63  -1.14588398745533793      -1.14588398745533793    
   64  -1.11318739011316881      -1.11318739011316881    
   65  -1.08049079277099969      -1.08049079277099969    
   66  -1.04778691131372437      -1.04778691131372437    
   67  -1.01508302985644927      -1.01508302985644927    
   68 -0.982379148399174063     -0.982379148399174063    
   69 -0.949667175150755383     -0.949667175150755383    
   70 -0.916955201902336814     -0.916955201902336814    
   71 -0.884243228653918134     -0.884243228653918134    
   72 -0.851522667374353337     -0.851522667374353337    
   73 -0.818802106094788429     -0.818802106094788429    
   74 -0.786081544815223632     -0.786081544815223632    
   75 -0.753352229552636476     -0.753352229552636476    
   76 -0.720622914290049321     -0.720622914290049321    
   77 -0.687893599027462166     -0.687893599027462166    
   78 -0.655155700238885252     -0.655155700238885252    
   79 -0.622417801450308228     -0.622417801450308228    
   80 -0.589679902661731314     -0.589679902661731314    
   81 -0.556933920406469496     -0.556933920406469496    
   82 -0.524187938151207677     -0.524187938151207677    
   83 -0.491441955895945859     -0.491441955895945859    
   84 -0.458688700402017591     -0.458688700402017591    
   85 -0.425935444908089322     -0.425935444908089322    
   86 -0.393182189414161054     -0.393182189414161054    
   87 -0.360422749797481290     -0.360422749797481290    
   88 -0.327663310180801470     -0.327663310180801470    
   89 -0.294903870564121706     -0.294903870564121706    
   90 -0.262139572924286468     -0.262139572924286468    
   91 -0.229375275284451174     -0.229375275284451174    
   92 -0.196610977644615909     -0.196610977644615909    
   93 -0.163843334155100079     -0.163843334155100079    
   94 -0.131075690665584221     -0.131075690665584221    
   95 -0.983080471760684055E-01 -0.983080471760684055E-01
   96 -0.655386981173789740E-01 -0.655386981173789740E-01
   97 -0.327693490586895564E-01 -0.327693490586895564E-01
   98  0.327693490586894592E-01  0.327693490586894592E-01
   99  0.655386981173790573E-01  0.655386981173790573E-01
  100  0.983080471760686553E-01  0.983080471760686553E-01
  101  0.131075690665584332      0.131075690665584332    
  102  0.163843334155099996      0.163843334155099996    
  103  0.196610977644615659      0.196610977644615659    
  104  0.229375275284450925      0.229375275284450925    
  105  0.262139572924286191      0.262139572924286191    
  106  0.294903870564121484      0.294903870564121484    
  107  0.327663310180801415      0.327663310180801415    
  108  0.360422749797481345      0.360422749797481345    
  109  0.393182189414161276      0.393182189414161276    
  110  0.425935444908089711      0.425935444908089711    
  111  0.458688700402018146      0.458688700402018146    
  112  0.491441955895946581      0.491441955895946581    
  113  0.524187938151208233      0.524187938151208233    
  114  0.556933920406469940      0.556933920406469940    
  115  0.589679902661731647      0.589679902661731647    
  116  0.622417801450308561      0.622417801450308561    
  117  0.655155700238885474      0.655155700238885474    
  118  0.687893599027462388      0.687893599027462388    
  119  0.720622914290049543      0.720622914290049543    
  120  0.753352229552636810      0.753352229552636810    
  121  0.786081544815223965      0.786081544815223965    
  122  0.818802106094788651      0.818802106094788651    
  123  0.851522667374353226      0.851522667374353226    
  124  0.884243228653917912      0.884243228653917912    
  125  0.916955201902336703      0.916955201902336703    
  126  0.949667175150755494      0.949667175150755494    
  127  0.982379148399174285      0.982379148399174285    
  128   1.01508302985644927       1.01508302985644927    
  129   1.04778691131372437       1.04778691131372437    
  130   1.08049079277099946       1.08049079277099946    
  131   1.11318739011316836       1.11318739011316836    
  132   1.14588398745533748       1.14588398745533748    
  133   1.17858058479750638       1.17858058479750638    
  134   1.21127098624434026       1.21127098624434026    
  135   1.24396138769117437       1.24396138769117437    
  136   1.27665178913800825       1.27665178913800825    
  137   1.30933732168522621       1.30933732168522621    
  138   1.34202285423244438       1.34202285423244438    
  139   1.37470838677966234       1.37470838677966234    
  140   1.40739056515271299       1.40739056515271299    
  141   1.44007274352576387       1.44007274352576387    
  142   1.47275492189881452       1.47275492189881452    
  143   1.50543539019750838       1.50543539019750838    
  144   1.53811585849620247       1.53811585849620247    
  145   1.57079632679489634       1.57079632679489634    
  146   1.60347679509359042       1.60347679509359042    
  147   1.63615726339228429       1.63615726339228429    
  148   1.66883773169097838       1.66883773169097838    
  149   1.70151991006402881       1.70151991006402881    
  150   1.73420208843707946       1.73420208843707946    
  151   1.76688426681012989       1.76688426681012989    
  152   1.79956979935734784       1.79956979935734784    
  153   1.83225533190456602       1.83225533190456602    
  154   1.86494086445178398       1.86494086445178398    
  155   1.89763126589861808       1.89763126589861808    
  156   1.93032166734545219       1.93032166734545219    
  157   1.96301206879228629       1.96301206879228629    
  158   1.99570866613445541       1.99570866613445541    
  159   2.02840526347662431       2.02840526347662431    
  160   2.06110186081879343       2.06110186081879343    
  161   2.09380574227606830       2.09380574227606830    
  162   2.12650962373334318       2.12650962373334318    
  163   2.15921350519061805       2.15921350519061805    
  164   2.19192547843903673       2.19192547843903673    
  165   2.22463745168745497       2.22463745168745497    
  166   2.25734942493587365       2.25734942493587365    
  167   2.29006998621543856       2.29006998621543856    
  168   2.32279054749500347       2.32279054749500347    
  169   2.35551110877456837       2.35551110877456837    
  170   2.38824042403715575       2.38824042403715575    
  171   2.42096973929974357       2.42096973929974357    
  172   2.45369905456233095       2.45369905456233095    
  173   2.48643695335090786       2.48643695335090786    
  174   2.51917485213948522       2.51917485213948522    
  175   2.55191275092806213       2.55191275092806213    
  176   2.58465873318332351       2.58465873318332351    
  177   2.61740471543858533       2.61740471543858533    
  178   2.65015069769384670       2.65015069769384670    
  179   2.68290395318777497       2.68290395318777497    
  180   2.71565720868170324       2.71565720868170324    
  181   2.74841046417563151       2.74841046417563151    
  182   2.78116990379231144       2.78116990379231144    
  183   2.81392934340899181       2.81392934340899181    
  184   2.84668878302567174       2.84668878302567174    
  185   2.87945308066550698       2.87945308066550698    
  186   2.91221737830534178       2.91221737830534178    
  187   2.94498167594517701       2.94498167594517701    
  188   2.97774931943469268       2.97774931943469268    
  189   3.01051696292420834       3.01051696292420834    
  190   3.04328460641372400       3.04328460641372400    
  191   3.07605395547241356       3.07605395547241356    
  192   3.10882330453110312       3.10882330453110312    
#gg4start - starting field - bmagstart bmagstart
    1   1.21088684054414197       1.21088684054414197    
    2  0.864919171817244092      0.864919171817244092    
    3   1.21074870354447284       1.21074870354447284    
    4   1.21034942654818423       1.21034942654818423    
    5   1.20969002695637107       1.20969002695637107    
    6   1.20875740575289958       1.20875740575289958    
    7   1.20756830213223143       1.20756830213223143    
    8   1.20612572095031134       1.20612572095031134    
    9   1.20441892979201493       1.20441892979201493    
   10   1.20246577245088471       1.20246577245088471    
   11   1.20027110326200614       1.20027110326200614    
   12   1.19782677115155400       1.19782677115155400    
   13   1.19515118626571004       1.19515118626571004    
   14   1.19225083545912081       1.19225083545912081    
   15   1.18912023858777927       1.18912023858777927    
   16   1.18577783147771698       1.18577783147771698    
   17   1.18223145522917483       1.18223145522917483    
   18   1.17847826751811602       1.17847826751811602    
   19   1.17453622022548165       1.17453622022548165    
   20   1.17041419055045637       1.17041419055045637    
   21   1.16611183032385735       1.16611183032385735    
   22   1.16164615723406217       1.16164615723406217    
   23   1.15702674923292537       1.15702674923292537    
   24   1.15225551780897328       1.15225551780897328    
   25   1.14734817631261610       1.14734817631261610    
   26   1.14231467240002105       1.14231467240002105    
   27   1.13715887644624880       1.13715887644624880    
   28   1.13189491928661257       1.13189491928661257    
   29   1.12653280992213811       1.12653280992213811    
   30   1.12107803705075004       1.12107803705075004    
   31   1.11554296577979173       1.11554296577979173    
   32   1.10993739481662468       1.10993739481662468    
   33   1.10426807656572956       1.10426807656572956    
   34   1.09854551733385453       1.09854551733385453    
   35   1.09277907976604904       1.09277907976604904    
   36   1.08697643417438683       1.08697643417438683    
   37   1.08114621427819113       1.08114621427819113    
   38   1.07529717115027745       1.07529717115027745    
   39   1.06943757458569366       1.06943757458569366    
   40   1.06357423648045168       1.06357423648045168    
   41   1.05771517131844606       1.05771517131844606    
   42   1.05186897083027664       1.05186897083027664    
   43   1.04604072394410452       1.04604072394410452    
   44   1.04023763100338296       1.04023763100338296    
   45   1.03446837733305030       1.03446837733305030    
   46   1.02873645954135706       1.02873645954135706    
   47   1.02304822844736631       1.02304822844736631    
   48   1.01741228735508749       1.01741228735508749    
   49   1.01183068829972522       1.01183068829972522    
   50   1.00630893274126221       1.00630893274126221    
   51   1.00085541847613024       1.00085541847613024    
   52  0.995470905661096861      0.995470905661096861    
   53  0.990160074982381233      0.990160074982381233    
   54  0.984931043527703443      0.984931043527703443    
   55  0.979783428057000694      0.979783428057000694    
   56  0.974721138472342763      0.974721138472342763    
   57  0.969751978074501642      0.969751978074501642    
   58  0.964874558360000578      0.964874558360000578    
   59  0.960092083370274851      0.960092083370274851    
   60  0.955412044070021116      0.955412044070021116    
   61  0.950832171095704060      0.950832171095704060    
   62  0.946355036817984829      0.946355036817984829    
   63  0.941987847609083495      0.941987847609083495    
   64  0.937727562822172400      0.937727562822172400    
   65  0.933576201864272037      0.933576201864272037    
   66  0.929540732326557095      0.929540732326557095    
   67  0.925617437655407271      0.925617437655407271    
   68  0.921807863698351881      0.921807863698351881    
   69  0.918118795437515733      0.918118795437515733    
   70  0.914545923362428570      0.914545923362428570    
   71  0.911090396910381406      0.911090396910381406    
   72  0.907758878157705396      0.907758878157705396    
   73  0.904546537551459084      0.904546537551459084    
   74  0.901454200827195296      0.901454200827195296    
   75  0.898488464665426201      0.898488464665426201    
   76  0.895644044909263415      0.895644044909263415    
   77  0.892921510318581357      0.892921510318581357    
   78  0.890327442986657558      0.890327442986657558    
   79  0.887856164493809441      0.887856164493809441    
   80  0.885508046344574362      0.885508046344574362    
   81  0.883289696877898600      0.883289696877898600    
   82  0.881195100603941572      0.881195100603941572    
   83  0.879224483862194206      0.879224483862194206    
   84  0.877384509998408002      0.877384509998408002    
   85  0.875668881861981552      0.875668881861981552    
   86  0.874077724754910745      0.874077724754910745    
   87  0.872617772692241167      0.872617772692241167    
   88  0.871282501198514692      0.871282501198514692    
   89  0.870071970569767483      0.870071970569767483    
   90  0.868992987951369700      0.868992987951369700    
   91  0.868038854854781605      0.868038854854781605    
   92  0.867209594495417901      0.867209594495417901    
   93  0.866512077062584152      0.866512077062584152    
   94  0.865939481778895792      0.865939481778895792    
   95  0.865491814650583891      0.865491814650583891    
   96  0.865175987509608668      0.865175987509608668    
   97  0.864985106337303855      0.864985106337303855    
   98   0.00000000000000000       0.00000000000000000    
   99   0.00000000000000000       0.00000000000000000    
  100   0.00000000000000000       0.00000000000000000    
  101   0.00000000000000000       0.00000000000000000    
  102   0.00000000000000000       0.00000000000000000    
  103   0.00000000000000000       0.00000000000000000    
  104   0.00000000000000000       0.00000000000000000    
  105   0.00000000000000000       0.00000000000000000    
  106   0.00000000000000000       0.00000000000000000    
  107   0.00000000000000000       0.00000000000000000    
  108   0.00000000000000000       0.00000000000000000    
  109   0.00000000000000000       0.00000000000000000    
  110   0.00000000000000000       0.00000000000000000    
  111   0.00000000000000000       0.00000000000000000    
  112   0.00000000000000000       0.00000000000000000    
  113   0.00000000000000000       0.00000000000000000    
  114   0.00000000000000000       0.00000000000000000    
  115   0.00000000000000000       0.00000000000000000    
  116   0.00000000000000000       0.00000000000000000    
  117   0.00000000000000000       0.00000000000000000    
  118   0.00000000000000000       0.00000000000000000    
  119   0.00000000000000000       0.00000000000000000    
  120   0.00000000000000000       0.00000000000000000    
  121   0.00000000000000000       0.00000000000000000    
  122   0.00000000000000000       0.00000000000000000    
  123   0.00000000000000000       0.00000000000000000    
  124   0.00000000000000000       0.00000000000000000    
  125   0.00000000000000000       0.00000000000000000    
  126   0.00000000000000000       0.00000000000000000    
  127   0.00000000000000000       0.00000000000000000    
  128   0.00000000000000000       0.00000000000000000    
  129   0.00000000000000000       0.00000000000000000    
  130   0.00000000000000000       0.00000000000000000    
  131   0.00000000000000000       0.00000000000000000    
  132   0.00000000000000000       0.00000000000000000    
  133   0.00000000000000000       0.00000000000000000    
  134   0.00000000000000000       0.00000000000000000    
  135   0.00000000000000000       0.00000000000000000    
  136   0.00000000000000000       0.00000000000000000    
  137   0.00000000000000000       0.00000000000000000    
  138   0.00000000000000000       0.00000000000000000    
  139   0.00000000000000000       0.00000000000000000    
  140   0.00000000000000000       0.00000000000000000    
  141   0.00000000000000000       0.00000000000000000    
  142   0.00000000000000000       0.00000000000000000    
  143   0.00000000000000000       0.00000000000000000    
  144   0.00000000000000000       0.00000000000000000    
  145   0.00000000000000000       0.00000000000000000    
  146   0.00000000000000000       0.00000000000000000    
  147   0.00000000000000000       0.00000000000000000    
  148   0.00000000000000000       0.00000000000000000    
  149   0.00000000000000000       0.00000000000000000    
  150   0.00000000000000000       0.00000000000000000    
  151   0.00000000000000000       0.00000000000000000    
  152   0.00000000000000000       0.00000000000000000    
  153   0.00000000000000000       0.00000000000000000    
  154   0.00000000000000000       0.00000000000000000    
  155   0.00000000000000000       0.00000000000000000    
  156   0.00000000000000000       0.00000000000000000    
  157   0.00000000000000000       0.00000000000000000    
  158   0.00000000000000000       0.00000000000000000    
  159   0.00000000000000000       0.00000000000000000    
  160   0.00000000000000000       0.00000000000000000    
  161   0.00000000000000000       0.00000000000000000    
  162   0.00000000000000000       0.00000000000000000    
  163   0.00000000000000000       0.00000000000000000    
  164   0.00000000000000000       0.00000000000000000    
  165   0.00000000000000000       0.00000000000000000    
  166   0.00000000000000000       0.00000000000000000    
  167   0.00000000000000000       0.00000000000000000    
  168   0.00000000000000000       0.00000000000000000    
  169   0.00000000000000000       0.00000000000000000    
  170   0.00000000000000000       0.00000000000000000    
  171   0.00000000000000000       0.00000000000000000    
  172   0.00000000000000000       0.00000000000000000    
  173   0.00000000000000000       0.00000000000000000    
  174   0.00000000000000000       0.00000000000000000    
  175   0.00000000000000000       0.00000000000000000    
  176   0.00000000000000000       0.00000000000000000    
  177   0.00000000000000000       0.00000000000000000    
  178   0.00000000000000000       0.00000000000000000    
  179   0.00000000000000000       0.00000000000000000    
  180   0.00000000000000000       0.00000000000000000    
  181   0.00000000000000000       0.00000000000000000    
  182   0.00000000000000000       0.00000000000000000    
  183   0.00000000000000000       0.00000000000000000    
  184   0.00000000000000000       0.00000000000000000    
  185   0.00000000000000000       0.00000000000000000    
  186   0.00000000000000000       0.00000000000000000    
  187   0.00000000000000000       0.00000000000000000    
  188   0.00000000000000000       0.00000000000000000    
  189   0.00000000000000000       0.00000000000000000    
  190   0.00000000000000000       0.00000000000000000    
  191   0.00000000000000000       0.00000000000000000    
  192   0.00000000000000000       0.00000000000000000    
#gg4start - essentialstart
           1 T
           2 T
           3 F
           4 F
           5 F
           6 F
           7 F
           8 F
           9 F
          10 F
          11 F
          12 F
          13 F
          14 F
          15 F
          16 F
          17 F
          18 F
          19 F
          20 F
          21 F
          22 F
          23 F
          24 F
          25 F
          26 F
          27 F
          28 F
          29 F
          30 F
          31 F
          32 F
          33 F
          34 F
          35 F
          36 F
          37 F
          38 F
          39 F
          40 F
          41 F
          42 F
          43 F
          44 F
          45 F
          46 F
          47 F
          48 F
          49 F
          50 F
          51 F
          52 F
          53 F
          54 F
          55 F
          56 F
          57 F
          58 F
          59 F
          60 F
          61 F
          62 F
          63 F
          64 F
          65 F
          66 F
          67 F
          68 F
          69 F
          70 F
          71 F
          72 F
          73 F
          74 F
          75 F
          76 F
          77 F
          78 F
          79 F
          80 F
          81 F
          82 F
          83 F
          84 F
          85 F
          86 F
          87 F
          88 F
          89 F
          90 F
          91 F
          92 F
          93 F
          94 F
          95 F
          96 F
          97 F
          98 F
          99 F
         100 F
         101 F
         102 F
         103 F
         104 F
         105 F
         106 F
         107 F
         108 F
         109 F
         110 F
         111 F
         112 F
         113 F
         114 F
         115 F
         116 F
         117 F
         118 F
         119 F
         120 F
         121 F
         122 F
         123 F
         124 F
         125 F
         126 F
         127 F
         128 F
         129 F
         130 F
         131 F
         132 F
         133 F
         134 F
         135 F
         136 F
         137 F
         138 F
         139 F
         140 F
         141 F
         142 F
         143 F
         144 F
         145 F
         146 F
         147 F
         148 F
         149 F
         150 F
         151 F
         152 F
         153 F
         154 F
         155 F
         156 F
         157 F
         158 F
         159 F
         160 F
         161 F
         162 F
         163 F
         164 F
         165 F
         166 F
         167 F
         168 F
         169 F
         170 F
         171 F
         172 F
         173 F
         174 F
         175 F
         176 F
         177 F
         178 F
         179 F
         180 F
         181 F
         182 F
         183 F
         184 F
         185 F
         186 F
         187 F
         188 F
         189 F
         190 F
         191 F
         192 F
# gg4collect - bmagset bmagset
    1   1.21088684054414197       1.21088684054414197    
    2  0.864919171817244092      0.864919171817244092    
    3   1.21074870354447284       1.21074870354447284    
    4   1.21034942654818423       1.21034942654818423    
    5   1.20969002695637107       1.20969002695637107    
    6   1.20875740575289958       1.20875740575289958    
    7   1.20756830213223143       1.20756830213223143    
    8   1.20612572095031134       1.20612572095031134    
    9   1.20441892979201493       1.20441892979201493    
   10   1.20246577245088471       1.20246577245088471    
   11   1.20027110326200614       1.20027110326200614    
   12   1.19782677115155400       1.19782677115155400    
   13   1.19515118626571004       1.19515118626571004    
   14   1.19225083545912081       1.19225083545912081    
   15   1.18912023858777927       1.18912023858777927    
   16   1.18577783147771698       1.18577783147771698    
   17   1.18223145522917483       1.18223145522917483    
   18   1.17847826751811602       1.17847826751811602    
   19   1.17453622022548165       1.17453622022548165    
   20   1.17041419055045637       1.17041419055045637    
   21   1.16611183032385735       1.16611183032385735    
   22   1.16164615723406217       1.16164615723406217    
   23   1.15702674923292537       1.15702674923292537    
   24   1.15225551780897328       1.15225551780897328    
   25   1.14734817631261610       1.14734817631261610    
   26   1.14231467240002105       1.14231467240002105    
   27   1.13715887644624880       1.13715887644624880    
   28   1.13189491928661257       1.13189491928661257    
   29   1.12653280992213811       1.12653280992213811    
   30   1.12107803705075004       1.12107803705075004    
   31   1.11554296577979173       1.11554296577979173    
   32   1.10993739481662468       1.10993739481662468    
   33   1.10426807656572956       1.10426807656572956    
   34   1.09854551733385453       1.09854551733385453    
   35   1.09277907976604904       1.09277907976604904    
   36   1.08697643417438683       1.08697643417438683    
   37   1.08114621427819113       1.08114621427819113    
   38   1.07529717115027745       1.07529717115027745    
   39   1.06943757458569366       1.06943757458569366    
   40   1.06357423648045168       1.06357423648045168    
   41   1.05771517131844606       1.05771517131844606    
   42   1.05186897083027664       1.05186897083027664    
   43   1.04604072394410452       1.04604072394410452    
   44   1.04023763100338296       1.04023763100338296    
   45   1.03446837733305030       1.03446837733305030    
   46   1.02873645954135706       1.02873645954135706    
   47   1.02304822844736631       1.02304822844736631    
   48   1.01741228735508749       1.01741228735508749    
   49   1.01183068829972522       1.01183068829972522    
   50   1.00630893274126221       1.00630893274126221    
   51   1.00085541847613024       1.00085541847613024    
   52  0.995470905661096861      0.995470905661096861    
   53  0.990160074982381233      0.990160074982381233    
   54  0.984931043527703443      0.984931043527703443    
   55  0.979783428057000694      0.979783428057000694    
   56  0.974721138472342763      0.974721138472342763    
   57  0.969751978074501642      0.969751978074501642    
   58  0.964874558360000578      0.964874558360000578    
   59  0.960092083370274851      0.960092083370274851    
   60  0.955412044070021116      0.955412044070021116    
   61  0.950832171095704060      0.950832171095704060    
   62  0.946355036817984829      0.946355036817984829    
   63  0.941987847609083495      0.941987847609083495    
   64  0.937727562822172400      0.937727562822172400    
   65  0.933576201864272037      0.933576201864272037    
   66  0.929540732326557095      0.929540732326557095    
   67  0.925617437655407271      0.925617437655407271    
   68  0.921807863698351881      0.921807863698351881    
   69  0.918118795437515733      0.918118795437515733    
   70  0.914545923362428570      0.914545923362428570    
   71  0.911090396910381406      0.911090396910381406    
   72  0.907758878157705396      0.907758878157705396    
   73  0.904546537551459084      0.904546537551459084    
   74  0.901454200827195296      0.901454200827195296    
   75  0.898488464665426201      0.898488464665426201    
   76  0.895644044909263415      0.895644044909263415    
   77  0.892921510318581357      0.892921510318581357    
   78  0.890327442986657558      0.890327442986657558    
   79  0.887856164493809441      0.887856164493809441    
   80  0.885508046344574362      0.885508046344574362    
   81  0.883289696877898600      0.883289696877898600    
   82  0.881195100603941572      0.881195100603941572    
   83  0.879224483862194206      0.879224483862194206    
   84  0.877384509998408002      0.877384509998408002    
   85  0.875668881861981552      0.875668881861981552    
   86  0.874077724754910745      0.874077724754910745    
   87  0.872617772692241167      0.872617772692241167    
   88  0.871282501198514692      0.871282501198514692    
   89  0.870071970569767483      0.870071970569767483    
   90  0.868992987951369700      0.868992987951369700    
   91  0.868038854854781605      0.868038854854781605    
   92  0.867209594495417901      0.867209594495417901    
   93  0.866512077062584152      0.866512077062584152    
   94  0.865939481778895792      0.865939481778895792    
   95  0.865491814650583891      0.865491814650583891    
   96  0.865175987509608668      0.865175987509608668    
   97  0.864985106337303855      0.864985106337303855    
   98   0.00000000000000000       0.00000000000000000    
   99   0.00000000000000000       0.00000000000000000    
  100   0.00000000000000000       0.00000000000000000    
  101   0.00000000000000000       0.00000000000000000    
  102   0.00000000000000000       0.00000000000000000    
  103   0.00000000000000000       0.00000000000000000    
  104   0.00000000000000000       0.00000000000000000    
  105   0.00000000000000000       0.00000000000000000    
  106   0.00000000000000000       0.00000000000000000    
  107   0.00000000000000000       0.00000000000000000    
  108   0.00000000000000000       0.00000000000000000    
  109   0.00000000000000000       0.00000000000000000    
  110   0.00000000000000000       0.00000000000000000    
  111   0.00000000000000000       0.00000000000000000    
  112   0.00000000000000000       0.00000000000000000    
  113   0.00000000000000000       0.00000000000000000    
  114   0.00000000000000000       0.00000000000000000    
  115   0.00000000000000000       0.00000000000000000    
  116   0.00000000000000000       0.00000000000000000    
  117   0.00000000000000000       0.00000000000000000    
  118   0.00000000000000000       0.00000000000000000    
  119   0.00000000000000000       0.00000000000000000    
  120   0.00000000000000000       0.00000000000000000    
  121   0.00000000000000000       0.00000000000000000    
  122   0.00000000000000000       0.00000000000000000    
  123   0.00000000000000000       0.00000000000000000    
  124   0.00000000000000000       0.00000000000000000    
  125   0.00000000000000000       0.00000000000000000    
  126   0.00000000000000000       0.00000000000000000    
  127   0.00000000000000000       0.00000000000000000    
  128   0.00000000000000000       0.00000000000000000    
  129   0.00000000000000000       0.00000000000000000    
  130   0.00000000000000000       0.00000000000000000    
  131   0.00000000000000000       0.00000000000000000    
  132   0.00000000000000000       0.00000000000000000    
  133   0.00000000000000000       0.00000000000000000    
  134   0.00000000000000000       0.00000000000000000    
  135   0.00000000000000000       0.00000000000000000    
  136   0.00000000000000000       0.00000000000000000    
  137   0.00000000000000000       0.00000000000000000    
  138   0.00000000000000000       0.00000000000000000    
  139   0.00000000000000000       0.00000000000000000    
  140   0.00000000000000000       0.00000000000000000    
  141   0.00000000000000000       0.00000000000000000    
  142   0.00000000000000000       0.00000000000000000    
  143   0.00000000000000000       0.00000000000000000    
  144   0.00000000000000000       0.00000000000000000    
  145   0.00000000000000000       0.00000000000000000    
  146   0.00000000000000000       0.00000000000000000    
  147   0.00000000000000000       0.00000000000000000    
  148   0.00000000000000000       0.00000000000000000    
  149   0.00000000000000000       0.00000000000000000    
  150   0.00000000000000000       0.00000000000000000    
  151   0.00000000000000000       0.00000000000000000    
  152   0.00000000000000000       0.00000000000000000    
  153   0.00000000000000000       0.00000000000000000    
  154   0.00000000000000000       0.00000000000000000    
  155   0.00000000000000000       0.00000000000000000    
  156   0.00000000000000000       0.00000000000000000    
  157   0.00000000000000000       0.00000000000000000    
  158   0.00000000000000000       0.00000000000000000    
  159   0.00000000000000000       0.00000000000000000    
  160   0.00000000000000000       0.00000000000000000    
  161   0.00000000000000000       0.00000000000000000    
  162   0.00000000000000000       0.00000000000000000    
  163   0.00000000000000000       0.00000000000000000    
  164   0.00000000000000000       0.00000000000000000    
  165   0.00000000000000000       0.00000000000000000    
  166   0.00000000000000000       0.00000000000000000    
  167   0.00000000000000000       0.00000000000000000    
  168   0.00000000000000000       0.00000000000000000    
  169   0.00000000000000000       0.00000000000000000    
  170   0.00000000000000000       0.00000000000000000    
  171   0.00000000000000000       0.00000000000000000    
  172   0.00000000000000000       0.00000000000000000    
  173   0.00000000000000000       0.00000000000000000    
  174   0.00000000000000000       0.00000000000000000    
  175   0.00000000000000000       0.00000000000000000    
  176   0.00000000000000000       0.00000000000000000    
  177   0.00000000000000000       0.00000000000000000    
  178   0.00000000000000000       0.00000000000000000    
  179   0.00000000000000000       0.00000000000000000    
  180   0.00000000000000000       0.00000000000000000    
  181   0.00000000000000000       0.00000000000000000    
  182   0.00000000000000000       0.00000000000000000    
  183   0.00000000000000000       0.00000000000000000    
  184   0.00000000000000000       0.00000000000000000    
  185   0.00000000000000000       0.00000000000000000    
  186   0.00000000000000000       0.00000000000000000    
  187   0.00000000000000000       0.00000000000000000    
  188   0.00000000000000000       0.00000000000000000    
  189   0.00000000000000000       0.00000000000000000    
  190   0.00000000000000000       0.00000000000000000    
  191   0.00000000000000000       0.00000000000000000    
  192   0.00000000000000000       0.00000000000000000    
# gg4collect - thetasetset ibmagsetset icollsetset
    1  -3.14159265358979312        1          2
    2 -0.129920510567268551E-15    2          2
    3  -3.10882330453110356        3          2
    4   3.10882330453046318        3       3222
    5  -3.07605395547241356        4          2
    6   3.07605395547206983        4       3222
    7  -3.04328460641372400        5          2
    8   3.04328460641372400        5        331
    9  -3.01051696292420834        6          2
   10   3.01051696292421056        6       3222
   11  -2.97774931943469223        7          2
   12   2.97774931943469046        7       3222
   13  -2.94498167594517657        8          2
   14   2.94498167594517701        8        331
   15  -2.91221737830534133        9          2
   16   2.91221737830534000        9       3222
   17  -2.87945308066550654       10          2
   18   2.87945308066550787       10       3222
   19  -2.84668878302567130       11          2
   20   2.84668878302567174       11        331
   21  -2.81392934340899137       12          2
   22   2.81392934340898826       12       3222
   23  -2.78116990379231144       13          2
   24   2.78116990379230922       13       3222
   25  -2.74841046417563151       14          2
   26   2.74841046417563151       14        331
   27  -2.71565720868170324       15          2
   28   2.71565720868170324       15       3222
   29  -2.68290395318777497       16          2
   30   2.68290395318777541       16       3222
   31  -2.65015069769384670       17          2
   32   2.65015069769384670       17        331
   33  -2.61740471543858488       18          2
   34   2.61740471543858488       18       3222
   35  -2.58465873318332351       19          2
   36   2.58465873318332484       19       3222
   37  -2.55191275092806169       20          2
   38   2.55191275092806213       20        331
   39  -2.51917485213948478       21          2
   40   2.51917485213948655       21       3222
   41  -2.48643695335090786       22          2
   42   2.48643695335090742       22       3222
   43  -2.45369905456233095       23          2
   44   2.45369905456233095       23        331
   45  -2.42096973929974357       24          2
   46   2.42096973929974313       24       3222
   47  -2.38824042403715664       25          2
   48   2.38824042403715620       25       3222
   49  -2.35551110877456926       26          2
   50   2.35551110877456837       26        331
   51  -2.32279054749500435       27          2
   52   2.32279054749500391       27       3222
   53  -2.29006998621543945       28          2
   54   2.29006998621543634       28       3222
   55  -2.25734942493587454       29          2
   56   2.25734942493587365       29        331
   57  -2.22463745168745586       30          2
   58   2.22463745168745497       30       3222
   59  -2.19192547843903718       31          2
   60   2.19192547843903629       31       3222
   61  -2.15921350519061850       32          2
   62   2.15921350519061805       32        331
   63  -2.12650962373334318       33          2
   64   2.12650962373334362       33       3222
   65  -2.09380574227606830       34          2
   66   2.09380574227606830       34       3222
   67  -2.06110186081879299       35          2
   68   2.06110186081879343       35        331
   69  -2.02840526347662387       36          2
   70   2.02840526347662475       36       3222
   71  -1.99570866613445475       37          2
   72   1.99570866613445608       37       3222
   73  -1.96301206879228562       38          2
   74   1.96301206879228629       38        331
   75  -1.93032166734545174       39          2
   76   1.93032166734545152       39       3222
   77  -1.89763126589861764       40          2
   78   1.89763126589861830       40       3222
   79  -1.86494086445178375       41          2
   80   1.86494086445178398       41        331
   81  -1.83225533190456580       42          2
   82   1.83225533190456646       42       3222
   83  -1.79956979935734784       43          2
   84   1.79956979935734740       43       3222
   85  -1.76688426681012989       44          2
   86   1.76688426681012989       44        331
   87  -1.73420208843707946       45          2
   88   1.73420208843707968       45       3222
   89  -1.70151991006402881       46          2
   90   1.70151991006402903       46       3222
   91  -1.66883773169097838       47          2
   92   1.66883773169097838       47        331
   93  -1.63615726339228429       48          2
   94   1.63615726339228296       48       3222
   95  -1.60347679509359042       49          2
   96   1.60347679509359020       49       3222
   97  -1.57079632679489634       50          2
   98   1.57079632679489634       50        331
   99  -1.53811585849620247       51          2
  100   1.53811585849620247       51       3222
  101  -1.50543539019750838       52          2
  102   1.50543539019750838       52       3222
  103  -1.47275492189881452       53          2
  104   1.47275492189881452       53        331
  105  -1.44007274352576409       54          2
  106   1.44007274352576431       54       3222
  107  -1.40739056515271344       55          2
  108   1.40739056515271321       55       3222
  109  -1.37470838677966301       56          2
  110   1.37470838677966301       56       3222
  111  -1.34202285423244483       57          2
  112   1.34202285423244483       57       3222
  113  -1.30933732168522687       58          2
  114   1.30933732168522776       58       3222
  115  -1.27665178913800870       59          2
  116   1.27665178913800825       59        331
  117  -1.24396138769117481       60          2
  118   1.24396138769117348       60       3222
  119  -1.21127098624434093       61          2
  120   1.21127098624434026       61       3222
  121  -1.17858058479750705       62          2
  122   1.17858058479750638       62        331
  123  -1.14588398745533793       63          2
  124   1.14588398745533748       63       3222
  125  -1.11318739011316881       64          2
  126   1.11318739011316925       64       3222
  127  -1.08049079277099969       65          2
  128   1.08049079277099880       65       3222
  129  -1.04778691131372437       66          2
  130   1.04778691131372415       66       3222
  131  -1.01508302985644927       67          2
  132   1.01508302985644994       67       3222
  133 -0.982379148399174063       68          2
  134  0.982379148399175728       68       3222
  135 -0.949667175150755383       69          2
  136  0.949667175150754717       69       3222
  137 -0.916955201902336814       70          2
  138  0.916955201902337036       70       3222
  139 -0.884243228653918134       71          2
  140  0.884243228653917912       71        331
  141 -0.851522667374353337       72          2
  142  0.851522667374353670       72       3222
  143 -0.818802106094788429       73          2
  144  0.818802106094789539       73       3222
  145 -0.786081544815223632       74          2
  146  0.786081544815223965       74        331
  147 -0.753352229552636476       75          2
  148  0.753352229552637143       75       3222
  149 -0.720622914290049321       76          2
  150  0.720622914290047989       76       3222
  151 -0.687893599027462166       77          2
  152  0.687893599027462388       77        331
  153 -0.655155700238885252       78          2
  154  0.655155700238885919       78       3222
  155 -0.622417801450308228       79          2
  156  0.622417801450307895       79       3222
  157 -0.589679902661731314       80          2
  158  0.589679902661731647       80        331
  159 -0.556933920406469496       81          2
  160  0.556933920406468830       81       3222
  161 -0.524187938151207677       82          2
  162  0.524187938151209454       82       3222
  163 -0.491441955895945859       83          2
  164  0.491441955895946581       83        331
  165 -0.458688700402017591       84          2
  166  0.458688700402017036       84       3222
  167 -0.425935444908089322       85          2
  168  0.425935444908090766       85       3222
  169 -0.393182189414161054       86          2
  170  0.393182189414161276       86        331
  171 -0.360422749797481290       87          2
  172  0.360422749797480346       87       3222
  173 -0.327663310180801470       88          2
  174  0.327663310180799583       88       3222
  175 -0.294903870564121706       89          2
  176  0.294903870564118709       89       3222
  177 -0.262139572924286468       90          2
  178  0.262139572924288022       90       3222
  179 -0.229375275284451174       91          2
  180  0.229375275284449065       91       3222
  181 -0.196610977644615909       92          2
  182  0.196610977644615659       92        331
  183 -0.163843334155100079       93          2
  184  0.163843334155101883       93       3222
  185 -0.131075690665584221       94          2
  186  0.131075690665576838       94       3222
  187 -0.983080471760684055E-01   95          2
  188  0.983080471760686553E-01   95        331
  189 -0.655386981173789740E-01   96          2
  190  0.655386981173871896E-01   96       3222
  191 -0.327693490586895564E-01   97          2
  192  0.327693490586596498E-01   97       3222
#gg4sort - thetasetset ithetasort ithetasort
    1  -3.14159265358979312        1          1
    2 -0.129920510567268551E-15    3          3
    3  -3.10882330453110356        5          5
    4   3.10882330453046318        7          7
    5  -3.07605395547241356        9          9
    6   3.07605395547206983       11         11
    7  -3.04328460641372400       13         13
    8   3.04328460641372400       15         15
    9  -3.01051696292420834       17         17
   10   3.01051696292421056       19         19
   11  -2.97774931943469223       21         21
   12   2.97774931943469046       23         23
   13  -2.94498167594517657       25         25
   14   2.94498167594517701       27         27
   15  -2.91221737830534133       29         29
   16   2.91221737830534000       31         31
   17  -2.87945308066550654       33         33
   18   2.87945308066550787       35         35
   19  -2.84668878302567130       37         37
   20   2.84668878302567174       39         39
   21  -2.81392934340899137       41         41
   22   2.81392934340898826       43         43
   23  -2.78116990379231144       45         45
   24   2.78116990379230922       47         47
   25  -2.74841046417563151       49         49
   26   2.74841046417563151       51         51
   27  -2.71565720868170324       53         53
   28   2.71565720868170324       55         55
   29  -2.68290395318777497       57         57
   30   2.68290395318777541       59         59
   31  -2.65015069769384670       61         61
   32   2.65015069769384670       63         63
   33  -2.61740471543858488       65         65
   34   2.61740471543858488       67         67
   35  -2.58465873318332351       69         69
   36   2.58465873318332484       71         71
   37  -2.55191275092806169       73         73
   38   2.55191275092806213       75         75
   39  -2.51917485213948478       77         77
   40   2.51917485213948655       79         79
   41  -2.48643695335090786       81         81
   42   2.48643695335090742       83         83
   43  -2.45369905456233095       85         85
   44   2.45369905456233095       87         87
   45  -2.42096973929974357       89         89
   46   2.42096973929974313       91         91
   47  -2.38824042403715664       93         93
   48   2.38824042403715620       95         95
   49  -2.35551110877456926       97         97
   50   2.35551110877456837       99         99
   51  -2.32279054749500435      101        101
   52   2.32279054749500391      103        103
   53  -2.29006998621543945      105        105
   54   2.29006998621543634      107        107
   55  -2.25734942493587454      109        109
   56   2.25734942493587365      111        111
   57  -2.22463745168745586      113        113
   58   2.22463745168745497      115        115
   59  -2.19192547843903718      117        117
   60   2.19192547843903629      119        119
   61  -2.15921350519061850      121        121
   62   2.15921350519061805      123        123
   63  -2.12650962373334318      125        125
   64   2.12650962373334362      127        127
   65  -2.09380574227606830      129        129
   66   2.09380574227606830      131        131
   67  -2.06110186081879299      133        133
   68   2.06110186081879343      135        135
   69  -2.02840526347662387      137        137
   70   2.02840526347662475      139        139
   71  -1.99570866613445475      141        141
   72   1.99570866613445608      143        143
   73  -1.96301206879228562      145        145
   74   1.96301206879228629      147        147
   75  -1.93032166734545174      149        149
   76   1.93032166734545152      151        151
   77  -1.89763126589861764      153        153
   78   1.89763126589861830      155        155
   79  -1.86494086445178375      157        157
   80   1.86494086445178398      159        159
   81  -1.83225533190456580      161        161
   82   1.83225533190456646      163        163
   83  -1.79956979935734784      165        165
   84   1.79956979935734740      167        167
   85  -1.76688426681012989      169        169
   86   1.76688426681012989      171        171
   87  -1.73420208843707946      173        173
   88   1.73420208843707968      175        175
   89  -1.70151991006402881      177        177
   90   1.70151991006402903      179        179
   91  -1.66883773169097838      181        181
   92   1.66883773169097838      183        183
   93  -1.63615726339228429      185        185
   94   1.63615726339228296      187        187
   95  -1.60347679509359042      189        189
   96   1.60347679509359020      191        191
   97  -1.57079632679489634        2          2
   98   1.57079632679489634      192        192
   99  -1.53811585849620247      190        190
  100   1.53811585849620247      188        188
  101  -1.50543539019750838      186        186
  102   1.50543539019750838      184        184
  103  -1.47275492189881452      182        182
  104   1.47275492189881452      180        180
  105  -1.44007274352576409      178        178
  106   1.44007274352576431      176        176
  107  -1.40739056515271344      174        174
  108   1.40739056515271321      172        172
  109  -1.37470838677966301      170        170
  110   1.37470838677966301      168        168
  111  -1.34202285423244483      166        166
  112   1.34202285423244483      164        164
  113  -1.30933732168522687      162        162
  114   1.30933732168522776      160        160
  115  -1.27665178913800870      158        158
  116   1.27665178913800825      156        156
  117  -1.24396138769117481      154        154
  118   1.24396138769117348      152        152
  119  -1.21127098624434093      150        150
  120   1.21127098624434026      148        148
  121  -1.17858058479750705      146        146
  122   1.17858058479750638      144        144
  123  -1.14588398745533793      142        142
  124   1.14588398745533748      140        140
  125  -1.11318739011316881      138        138
  126   1.11318739011316925      136        136
  127  -1.08049079277099969      134        134
  128   1.08049079277099880      132        132
  129  -1.04778691131372437      130        130
  130   1.04778691131372415      128        128
  131  -1.01508302985644927      126        126
  132   1.01508302985644994      124        124
  133 -0.982379148399174063      122        122
  134  0.982379148399175728      120        120
  135 -0.949667175150755383      118        118
  136  0.949667175150754717      116        116
  137 -0.916955201902336814      114        114
  138  0.916955201902337036      112        112
  139 -0.884243228653918134      110        110
  140  0.884243228653917912      108        108
  141 -0.851522667374353337      106        106
  142  0.851522667374353670      104        104
  143 -0.818802106094788429      102        102
  144  0.818802106094789539      100        100
  145 -0.786081544815223632       98         98
  146  0.786081544815223965       96         96
  147 -0.753352229552636476       94         94
  148  0.753352229552637143       92         92
  149 -0.720622914290049321       90         90
  150  0.720622914290047989       88         88
  151 -0.687893599027462166       86         86
  152  0.687893599027462388       84         84
  153 -0.655155700238885252       82         82
  154  0.655155700238885919       80         80
  155 -0.622417801450308228       78         78
  156  0.622417801450307895       76         76
  157 -0.589679902661731314       74         74
  158  0.589679902661731647       72         72
  159 -0.556933920406469496       70         70
  160  0.556933920406468830       68         68
  161 -0.524187938151207677       66         66
  162  0.524187938151209454       64         64
  163 -0.491441955895945859       62         62
  164  0.491441955895946581       60         60
  165 -0.458688700402017591       58         58
  166  0.458688700402017036       56         56
  167 -0.425935444908089322       54         54
  168  0.425935444908090766       52         52
  169 -0.393182189414161054       50         50
  170  0.393182189414161276       48         48
  171 -0.360422749797481290       46         46
  172  0.360422749797480346       44         44
  173 -0.327663310180801470       42         42
  174  0.327663310180799583       40         40
  175 -0.294903870564121706       38         38
  176  0.294903870564118709       36         36
  177 -0.262139572924286468       34         34
  178  0.262139572924288022       32         32
  179 -0.229375275284451174       30         30
  180  0.229375275284449065       28         28
  181 -0.196610977644615909       26         26
  182  0.196610977644615659       24         24
  183 -0.163843334155100079       22         22
  184  0.163843334155101883       20         20
  185 -0.131075690665584221       18         18
  186  0.131075690665576838       16         16
  187 -0.983080471760684055E-01   14         14
  188  0.983080471760686553E-01   12         12
  189 -0.655386981173789740E-01   10         10
  190  0.655386981173871896E-01    8          8
  191 -0.327693490586895564E-01    6          6
  192  0.327693490586596498E-01    4          4
#gg4sort - bmagset ibmagsort ibmagsort
    1   1.21088684054414197      192        192
    2  0.864919171817244092      132        132
    3   1.21074870354447284      123        123
    4   1.21034942654818423      124        124
    5   1.20969002695637107      125        125
    6   1.20875740575289958      126        126
    7   1.20756830213223143      127        127
    8   1.20612572095031134      128        128
    9   1.20441892979201493      129        129
   10   1.20246577245088471      130        130
   11   1.20027110326200614      131        131
   12   1.19782677115155400      133        133
   13   1.19515118626571004      121        121
   14   1.19225083545912081      134        134
   15   1.18912023858777927      135        135
   16   1.18577783147771698      136        136
   17   1.18223145522917483      137        137
   18   1.17847826751811602      138        138
   19   1.17453622022548165      139        139
   20   1.17041419055045637      140        140
   21   1.16611183032385735      141        141
   22   1.16164615723406217      142        142
   23   1.15702674923292537      122        122
   24   1.15225551780897328      120        120
   25   1.14734817631261610      144        144
   26   1.14231467240002105      108        108
   27   1.13715887644624880       99         99
   28   1.13189491928661257      100        100
   29   1.12653280992213811      101        101
   30   1.12107803705075004      102        102
   31   1.11554296577979173      103        103
   32   1.10993739481662468      104        104
   33   1.10426807656572956      105        105
   34   1.09854551733385453      106        106
   35   1.09277907976604904      107        107
   36   1.08697643417438683      109        109
   37   1.08114621427819113      119        119
   38   1.07529717115027745      110        110
   39   1.06943757458569366      111        111
   40   1.06357423648045168      112        112
   41   1.05771517131844606      113        113
   42   1.05186897083027664      114        114
   43   1.04604072394410452      115        115
   44   1.04023763100338296      116        116
   45   1.03446837733305030      117        117
   46   1.02873645954135706      118        118
   47   1.02304822844736631      143        143
   48   1.01741228735508749      145        145
   49   1.01183068829972522       98         98
   50   1.00630893274126221      146        146
   51   1.00085541847613024      181        181
   52  0.995470905661096861      172        172
   53  0.990160074982381233      173        173
   54  0.984931043527703443      174        174
   55  0.979783428057000694      175        175
   56  0.974721138472342763      176        176
   57  0.969751978074501642      177        177
   58  0.964874558360000578      178        178
   59  0.960092083370274851      179        179
   60  0.955412044070021116      180        180
   61  0.950832171095704060      182        182
   62  0.946355036817984829      170        170
   63  0.941987847609083495      183        183
   64  0.937727562822172400      184        184
   65  0.933576201864272037      185        185
   66  0.929540732326557095      186        186
   67  0.925617437655407271      187        187
   68  0.921807863698351881      188        188
   69  0.918118795437515733      189        189
   70  0.914545923362428570      190        190
   71  0.911090396910381406      191        191
   72  0.907758878157705396      171        171
   73  0.904546537551459084      169        169
   74  0.901454200827195296      147        147
   75  0.898488464665426201      157        157
   76  0.895644044909263415      148        148
   77  0.892921510318581357      149        149
   78  0.890327442986657558      150        150
   79  0.887856164493809441      151        151
   80  0.885508046344574362      152        152
   81  0.883289696877898600      153        153
   82  0.881195100603941572      154        154
   83  0.879224483862194206      155        155
   84  0.877384509998408002      156        156
   85  0.875668881861981552      158        158
   86  0.874077724754910745      168        168
   87  0.872617772692241167      159        159
   88  0.871282501198514692      160        160
   89  0.870071970569767483      161        161
   90  0.868992987951369700      162        162
   91  0.868038854854781605      163        163
   92  0.867209594495417901      164        164
   93  0.866512077062584152      165        165
   94  0.865939481778895792      166        166
   95  0.865491814650583891      167        167
   96  0.865175987509608668        2          2
   97  0.864985106337303855       97         97
   98   0.00000000000000000       96         96
   99   0.00000000000000000       95         95
  100   0.00000000000000000       94         94
  101   0.00000000000000000       93         93
  102   0.00000000000000000       92         92
  103   0.00000000000000000       91         91
  104   0.00000000000000000       90         90
  105   0.00000000000000000       89         89
  106   0.00000000000000000       88         88
  107   0.00000000000000000       87         87
  108   0.00000000000000000       86         86
  109   0.00000000000000000       85         85
  110   0.00000000000000000       84         84
  111   0.00000000000000000       83         83
  112   0.00000000000000000       82         82
  113   0.00000000000000000       81         81
  114   0.00000000000000000       80         80
  115   0.00000000000000000       79         79
  116   0.00000000000000000       78         78
  117   0.00000000000000000       77         77
  118   0.00000000000000000       76         76
  119   0.00000000000000000       75         75
  120   0.00000000000000000       74         74
  121   0.00000000000000000       73         73
  122   0.00000000000000000       72         72
  123   0.00000000000000000       71         71
  124   0.00000000000000000       70         70
  125   0.00000000000000000       69         69
  126   0.00000000000000000       68         68
  127   0.00000000000000000       67         67
  128   0.00000000000000000       66         66
  129   0.00000000000000000       65         65
  130   0.00000000000000000       64         64
  131   0.00000000000000000       63         63
  132   0.00000000000000000       62         62
  133   0.00000000000000000       61         61
  134   0.00000000000000000       60         60
  135   0.00000000000000000       59         59
  136   0.00000000000000000       58         58
  137   0.00000000000000000       57         57
  138   0.00000000000000000       56         56
  139   0.00000000000000000       55         55
  140   0.00000000000000000       54         54
  141   0.00000000000000000       53         53
  142   0.00000000000000000       52         52
  143   0.00000000000000000       51         51
  144   0.00000000000000000       50         50
  145   0.00000000000000000       49         49
  146   0.00000000000000000       48         48
  147   0.00000000000000000       47         47
  148   0.00000000000000000       46         46
  149   0.00000000000000000       45         45
  150   0.00000000000000000       44         44
  151   0.00000000000000000       43         43
  152   0.00000000000000000       42         42
  153   0.00000000000000000       41         41
  154   0.00000000000000000       40         40
  155   0.00000000000000000       39         39
  156   0.00000000000000000       38         38
  157   0.00000000000000000       37         37
  158   0.00000000000000000       36         36
  159   0.00000000000000000       35         35
  160   0.00000000000000000       34         34
  161   0.00000000000000000       33         33
  162   0.00000000000000000       32         32
  163   0.00000000000000000       31         31
  164   0.00000000000000000       30         30
  165   0.00000000000000000       29         29
  166   0.00000000000000000       28         28
  167   0.00000000000000000       27         27
  168   0.00000000000000000       26         26
  169   0.00000000000000000       25         25
  170   0.00000000000000000       24         24
  171   0.00000000000000000       23         23
  172   0.00000000000000000       22         22
  173   0.00000000000000000       21         21
  174   0.00000000000000000       20         20
  175   0.00000000000000000       19         19
  176   0.00000000000000000       18         18
  177   0.00000000000000000       17         17
  178   0.00000000000000000       16         16
  179   0.00000000000000000       15         15
  180   0.00000000000000000       14         14
  181   0.00000000000000000       13         13
  182   0.00000000000000000       12         12
  183   0.00000000000000000       11         11
  184   0.00000000000000000       10         10
  185   0.00000000000000000        9          9
  186   0.00000000000000000        8          8
  187   0.00000000000000000        7          7
  188   0.00000000000000000        6          6
  189   0.00000000000000000        5          5
  190   0.00000000000000000        4          4
  191   0.00000000000000000        3          3
  192   0.00000000000000000        1          1
#gg4metrics - thetares alambdares
    1  0.200000000000000000E+21  0.231942527878660498E-03
    2  0.100000000000000000E+21  0.133156842501219909E-03
    3  0.163846745293448892E-01  0.179775353400193135E-03
    4  0.163846745292648421E-01  0.485259686681957752E-03
    5  0.163842481259114069E-01  0.523448039751340491E-03
    6  0.163838217447581647E-01  0.739271499121095478E-03
    7  0.163838217447581647E-01  0.107140127064380124E-02
    8  0.163829852396305924E-01  0.961905911969496001E-03
    9  0.163821488199173970E-01  0.121566225618307709E-02
   10  0.163821488199172860E-01  0.155288727727721180E-02
   11  0.163809342240841607E-01  0.134285722944350394E-02
   12  0.163797198083402984E-01  0.156110349015567960E-02
   13  0.163797198083395767E-01  0.198300706521927763E-02
   14  0.163781736317129833E-01  0.168813335732153984E-02
   15  0.163766277469640786E-01  0.191232249356681951E-02
   16  0.163766277469641341E-01  0.237819536563004452E-02
   17  0.163748092353868287E-01  0.200648544030465181E-02
   18  0.163729911276306317E-01  0.232151128492950973E-02
   19  0.163729911276307427E-01  0.274619968917185712E-02
   20  0.163709700114996366E-01  0.230244310047327504E-02
   21  0.163689493942885678E-01  0.263910383039201888E-02
   22  0.163689493942886788E-01  0.309131402621627216E-02
   23  0.163668032314406332E-01  0.257861365279986928E-02
   24  0.163646576312936332E-01  0.282199679642073081E-02
   25  0.163646576312936332E-01  0.341613742105529921E-02
   26  0.163624688428246901E-01  0.283657455201544954E-02
   27  0.163602806397827316E-01  0.308601486382269717E-02
   28  0.163602806397825096E-01  0.372233542145688351E-02
   29  0.163581333502004871E-01  0.307729706534319320E-02
   30  0.163559866242093399E-01  0.333248885766852928E-02
   31  0.163559866242092844E-01  0.401102306255719798E-02
   32  0.163539634261893330E-01  0.330136889407052578E-02
   33  0.163519407286374929E-01  0.356198386770205551E-02
   34  0.163519407286375484E-01  0.428297767476371830E-02
   35  0.163501194970401102E-01  0.350912189826485532E-02
   36  0.163482986710844491E-01  0.377482796848913190E-02
   37  0.163482986710845879E-01  0.453876592067807040E-02
   38  0.163467495504743682E-01  0.370071010641236878E-02
   39  0.163452007234169971E-01  0.397118300154160331E-02
   40  0.163452007234169416E-01  0.477882412680468577E-02
   41  0.163439834078596344E-01  0.387615486352599131E-02
   42  0.163427662736090606E-01  0.437547024664278281E-02
   43  0.163427662736090606E-01  0.500351082874857418E-02
   44  0.163419276870393308E-01  0.403537291377570329E-02
   45  0.163410891865252428E-01  0.456102032792575669E-02
   46  0.163410891865252983E-01  0.521314237356876060E-02
   47  0.163406616567512118E-01  0.417818610061860933E-02
   48  0.163402341493470160E-01  0.473158135210315599E-02
   49  0.163402341493468217E-01  0.540801668453381144E-02
   50  0.163402341493469605E-01  0.430432181563459443E-02
   51  0.163402341493469883E-01  0.488721555763116811E-02
   52  0.163402341493469883E-01  0.558842879896664316E-02
   53  0.163406616567509308E-01  0.441339944857591961E-02
   54  0.163410891865252983E-01  0.470356825766296387E-02
   55  0.163410891865252983E-01  0.575468005070208042E-02
   56  0.163419276870394418E-01  0.450489993718887396E-02
   57  0.163427662736089219E-01  0.479834903368446357E-02
   58  0.163427662736090884E-01  0.590708120412004618E-02
   59  0.163439834078599674E-01  0.457812107232067039E-02
   60  0.163452007234169694E-01  0.487466945055865710E-02
   61  0.163452007234168584E-01  0.604595051714003611E-02
   62  0.163467495504741461E-01  0.463210253999792390E-02
   63  0.163482986710844214E-01  0.536039195660251849E-02
   64  0.163482986710846157E-01  0.617160593299359572E-02
   65  0.163501194970403045E-01  0.466551244304052020E-02
   66  0.163519407286374097E-01  0.544076444786108313E-02
   67  0.163519407286373403E-01  0.628434999613344380E-02
   68  0.163539634261896383E-01  0.467647362300715151E-02
   69  0.163559866242094926E-01  0.498099223105163014E-02
   70  0.163559866242092566E-01  0.638444496404173920E-02
   71  0.163581333502007230E-01  0.466228352878787864E-02
   72  0.163602806397822598E-01  0.555327326753186391E-02
   73  0.163602806397824263E-01  0.647207005560671966E-02
   74  0.163624688428246623E-01  0.461896809541834444E-02
   75  0.163646576312937858E-01  0.558344926399829099E-02
   76  0.163646576312936332E-01  0.654724869687727407E-02
   77  0.163668032314403245E-01  0.454048888071528507E-02
   78  0.163689493942885539E-01  0.484800775822692449E-02
   79  0.163689493942885261E-01  0.660970928088239987E-02
   80  0.163709700114997338E-01  0.441729893481586800E-02
   81  0.163729911276307288E-01  0.558118161686146051E-02
   82  0.163729911276307358E-01  0.665859083655968506E-02
   83  0.163748092353870646E-01  0.423347495063735799E-02
   84  0.163766277469640439E-01  0.453242427253226776E-02
   85  0.163766277469640370E-01  0.669173746648067322E-02
   86  0.163781736317135142E-01  0.396035903157396143E-02
   87  0.163797198083401596E-01  0.424524929903394039E-02
   88  0.163797198083401527E-01  0.670367243332504071E-02
   89  0.163809342240831338E-01  0.354049125788819105E-02
   90  0.163821488199175219E-01  0.531279060147271665E-02
   91  0.163821488199178654E-01  0.667809506256838992E-02
   92  0.163829852396302073E-01  0.283777788102422502E-02
   93  0.163838217447588134E-01  0.503571526608402164E-02
   94  0.163838217447581126E-01  0.654340201097179577E-02
   95  0.163842481259527037E-01  0.142468988055479014E-02
   96  0.163846745293484836E-01  0.424789374163584907E-02
   97  0.163846745293457705E-01  0.430644997426343074E-02
   98   0.00000000000000000       0.00000000000000000    
   99   0.00000000000000000       0.00000000000000000    
  100   0.00000000000000000       0.00000000000000000    
  101   0.00000000000000000       0.00000000000000000    
  102   0.00000000000000000       0.00000000000000000    
  103   0.00000000000000000       0.00000000000000000    
  104   0.00000000000000000       0.00000000000000000    
  105   0.00000000000000000       0.00000000000000000    
  106   0.00000000000000000       0.00000000000000000    
  107   0.00000000000000000       0.00000000000000000    
  108   0.00000000000000000       0.00000000000000000    
  109   0.00000000000000000       0.00000000000000000    
  110   0.00000000000000000       0.00000000000000000    
  111   0.00000000000000000       0.00000000000000000    
  112   0.00000000000000000       0.00000000000000000    
  113   0.00000000000000000       0.00000000000000000    
  114   0.00000000000000000       0.00000000000000000    
  115   0.00000000000000000       0.00000000000000000    
  116   0.00000000000000000       0.00000000000000000    
  117   0.00000000000000000       0.00000000000000000    
  118   0.00000000000000000       0.00000000000000000    
  119   0.00000000000000000       0.00000000000000000    
  120   0.00000000000000000       0.00000000000000000    
  121   0.00000000000000000       0.00000000000000000    
  122   0.00000000000000000       0.00000000000000000    
  123   0.00000000000000000       0.00000000000000000    
  124   0.00000000000000000       0.00000000000000000    
  125   0.00000000000000000       0.00000000000000000    
  126   0.00000000000000000       0.00000000000000000    
  127   0.00000000000000000       0.00000000000000000    
  128   0.00000000000000000       0.00000000000000000    
  129   0.00000000000000000       0.00000000000000000    
  130   0.00000000000000000       0.00000000000000000    
  131   0.00000000000000000       0.00000000000000000    
  132   0.00000000000000000       0.00000000000000000    
  133   0.00000000000000000       0.00000000000000000    
  134   0.00000000000000000       0.00000000000000000    
  135   0.00000000000000000       0.00000000000000000    
  136   0.00000000000000000       0.00000000000000000    
  137   0.00000000000000000       0.00000000000000000    
  138   0.00000000000000000       0.00000000000000000    
  139   0.00000000000000000       0.00000000000000000    
  140   0.00000000000000000       0.00000000000000000    
  141   0.00000000000000000       0.00000000000000000    
  142   0.00000000000000000       0.00000000000000000    
  143   0.00000000000000000       0.00000000000000000    
  144   0.00000000000000000       0.00000000000000000    
  145   0.00000000000000000       0.00000000000000000    
  146   0.00000000000000000       0.00000000000000000    
  147   0.00000000000000000       0.00000000000000000    
  148   0.00000000000000000       0.00000000000000000    
  149   0.00000000000000000       0.00000000000000000    
  150   0.00000000000000000       0.00000000000000000    
  151   0.00000000000000000       0.00000000000000000    
  152   0.00000000000000000       0.00000000000000000    
  153   0.00000000000000000       0.00000000000000000    
  154   0.00000000000000000       0.00000000000000000    
  155   0.00000000000000000       0.00000000000000000    
  156   0.00000000000000000       0.00000000000000000    
  157   0.00000000000000000       0.00000000000000000    
  158   0.00000000000000000       0.00000000000000000    
  159   0.00000000000000000       0.00000000000000000    
  160   0.00000000000000000       0.00000000000000000    
  161   0.00000000000000000       0.00000000000000000    
  162   0.00000000000000000       0.00000000000000000    
  163   0.00000000000000000       0.00000000000000000    
  164   0.00000000000000000       0.00000000000000000    
  165   0.00000000000000000       0.00000000000000000    
  166   0.00000000000000000       0.00000000000000000    
  167   0.00000000000000000       0.00000000000000000    
  168   0.00000000000000000       0.00000000000000000    
  169   0.00000000000000000       0.00000000000000000    
  170   0.00000000000000000       0.00000000000000000    
  171   0.00000000000000000       0.00000000000000000    
  172   0.00000000000000000       0.00000000000000000    
  173   0.00000000000000000       0.00000000000000000    
  174   0.00000000000000000       0.00000000000000000    
  175   0.00000000000000000       0.00000000000000000    
  176   0.00000000000000000       0.00000000000000000    
  177   0.00000000000000000       0.00000000000000000    
  178   0.00000000000000000       0.00000000000000000    
  179   0.00000000000000000       0.00000000000000000    
  180   0.00000000000000000       0.00000000000000000    
  181   0.00000000000000000       0.00000000000000000    
  182   0.00000000000000000       0.00000000000000000    
  183   0.00000000000000000       0.00000000000000000    
  184   0.00000000000000000       0.00000000000000000    
  185   0.00000000000000000       0.00000000000000000    
  186   0.00000000000000000       0.00000000000000000    
  187   0.00000000000000000       0.00000000000000000    
  188   0.00000000000000000       0.00000000000000000    
  189   0.00000000000000000       0.00000000000000000    
  190   0.00000000000000000       0.00000000000000000    
  191   0.00000000000000000       0.00000000000000000    
  192   0.00000000000000000       0.00000000000000000    
#gg4results - output grid - thetagrid thetagrid
    1  -3.14159265358979312       1.21088684054414197    
    2  -3.07605395547241356       1.21034942654818423    
    3  -2.97774931943469223       1.20756830213223143    
    4  -2.87945308066550654       1.20246577245088471    
    5  -2.78116990379231144       1.19515118626571004    
    6  -2.68290395318777497       1.18577783147771698    
    7  -2.58465873318332351       1.17453622022548165    
    8  -2.48643695335090786       1.16164615723406217    
    9  -2.38824042403715664       1.14734817631261610    
   10  -2.29006998621543945       1.13189491928661257    
   11  -2.19192547843903718       1.11554296577979173    
   12  -2.09380574227606830       1.09854551733385453    
   13  -1.99570866613445475       1.08114621427819113    
   14  -1.89763126589861764       1.06357423648045168    
   15  -1.79956979935734784       1.04604072394410452    
   16  -1.70151991006402881       1.02873645954135706    
   17  -1.60347679509359042       1.01183068829972522    
   18  -1.47275492189881452      0.990160074982381233    
   19  -1.34202285423244483      0.969751978074501642    
   20  -1.21127098624434093      0.950832171095704060    
   21  -1.08049079277099969      0.933576201864272037    
   22 -0.949667175150755383      0.918118795437515733    
   23 -0.818802106094788429      0.904546537551459084    
   24 -0.687893599027462166      0.892921510318581357    
   25 -0.556933920406469496      0.883289696877898600    
   26 -0.491441955895945859      0.879224483862194206    
   27 -0.425935444908089322      0.875668881861981552    
   28 -0.360422749797481290      0.872617772692241167    
   29 -0.294903870564121706      0.870071970569767483    
   30 -0.229375275284451174      0.868038854854781605    
   31 -0.163843334155100079      0.866512077062584152    
   32 -0.983080471760684055E-01  0.865491814650583891    
   33 -0.129920510567268551E-15  0.864919171817244092    
   34  0.983080471760686553E-01  0.865491814650583891    
   35  0.163843334155101883      0.866512077062584152    
   36  0.229375275284449065      0.868038854854781605    
   37  0.294903870564118709      0.870071970569767483    
   38  0.360422749797480346      0.872617772692241167    
   39  0.425935444908090766      0.875668881861981552    
   40  0.491441955895946581      0.879224483862194206    
   41  0.556933920406468830      0.883289696877898600    
   42  0.687893599027462388      0.892921510318581357    
   43  0.818802106094789539      0.904546537551459084    
   44  0.949667175150754717      0.918118795437515733    
   45   1.08049079277099880      0.933576201864272037    
   46   1.21127098624434026      0.950832171095704060    
   47   1.34202285423244483      0.969751978074501642    
   48   1.47275492189881452      0.990160074982381233    
   49   1.60347679509359020       1.01183068829972522    
   50   1.70151991006402903       1.02873645954135706    
   51   1.79956979935734740       1.04604072394410452    
   52   1.89763126589861830       1.06357423648045168    
   53   1.99570866613445608       1.08114621427819113    
   54   2.09380574227606830       1.09854551733385453    
   55   2.19192547843903629       1.11554296577979173    
   56   2.29006998621543634       1.13189491928661257    
   57   2.38824042403715620       1.14734817631261610    
   58   2.48643695335090742       1.16164615723406217    
   59   2.58465873318332484       1.17453622022548165    
   60   2.68290395318777541       1.18577783147771698    
   61   2.78116990379230922       1.19515118626571004    
   62   2.87945308066550787       1.20246577245088471    
   63   2.97774931943469046       1.20756830213223143    
   64   3.07605395547206983       1.21034942654818423    
   65   3.14159265358979312       1.21088684054414197    
#gg4results - output 1/lambda - bset bset
    1   1.21088684054414197       1.21088684054414197    
    2   1.21034942654818423       1.21034942654818423    
    3   1.20756830213223143       1.20756830213223143    
    4   1.20246577245088471       1.20246577245088471    
    5   1.19515118626571004       1.19515118626571004    
    6   1.18577783147771698       1.18577783147771698    
    7   1.17453622022548165       1.17453622022548165    
    8   1.16164615723406217       1.16164615723406217    
    9   1.14734817631261610       1.14734817631261610    
   10   1.13189491928661257       1.13189491928661257    
   11   1.11554296577979173       1.11554296577979173    
   12   1.09854551733385453       1.09854551733385453    
   13   1.08114621427819113       1.08114621427819113    
   14   1.06357423648045168       1.06357423648045168    
   15   1.04604072394410452       1.04604072394410452    
   16   1.02873645954135706       1.02873645954135706    
   17   1.01183068829972522       1.01183068829972522    
   18  0.990160074982381233      0.990160074982381233    
   19  0.969751978074501642      0.969751978074501642    
   20  0.950832171095704060      0.950832171095704060    
   21  0.933576201864272037      0.933576201864272037    
   22  0.918118795437515733      0.918118795437515733    
   23  0.904546537551459084      0.904546537551459084    
   24  0.892921510318581357      0.892921510318581357    
   25  0.883289696877898600      0.883289696877898600    
   26  0.879224483862194206      0.879224483862194206    
   27  0.875668881861981552      0.875668881861981552    
   28  0.872617772692241167      0.872617772692241167    
   29  0.870071970569767483      0.870071970569767483    
   30  0.868038854854781605      0.868038854854781605    
   31  0.866512077062584152      0.866512077062584152    
   32  0.865491814650583891      0.865491814650583891    
   33  0.864919171817244092      0.864919171817244092    
