 nbmag=          65
 thetain,bmagin=
  -3.1415926535897931        1.2362115044333357     
  -3.0422816261898498        1.2347503675852889     
  -2.9430139007901941        1.2304052088273247     
  -2.8438311697226570        1.2232888529474770     
  -2.7447719598782712        1.2135830691340102     
  -2.6458701837644334        1.2015297121679933     
  -2.5471538483002019        1.1874193456336115     
  -2.4486439689888901        1.1715782160587283     
  -2.3503537323544821        1.1543545041995753     
  -2.2522879430459790        1.1361047420651409     
  -2.1544427836039945        1.1171811693069342     
  -2.0568059044662341        1.0979206356724578     
  -1.9593568494692604        1.0786354647325866     
  -1.8620678082317050        1.0596065025406167     
  -1.7649046719978791        1.0410784017838846     
  -1.6678283546567327        1.0232570488195356     
  -1.5707963267948963        1.0063089327412620     
  -1.4737642989330597       0.99036218236071938     
  -1.3766879815919133       0.97550895562867301     
  -1.2795248453580874       0.96180885191314602     
  -1.1822358041205321       0.94929302552543748     
  -1.0847867491235585       0.93796870381059949     
 -0.98714986998579768       0.92782385011272794     
 -0.88930471054381355       0.91883175639725712     
 -0.79123892123531037       0.91095539801497027     
 -0.69294868460090242       0.90415143023535149     
 -0.59443880528959070       0.89837374959479666     
 -0.49572246982535900       0.89357658041775700     
 -0.39682069371152145       0.88971707657579402     
 -0.29776148386713530       0.88675745001894457     
 -0.19857875279959772       0.88466665097854436     
  -9.9311027399942589E-002  0.88342163072194191     
   5.6120985687628035E-016  0.88300821745238245     
   9.9311027399943713E-002  0.88342163072194191     
  0.19857875279959883       0.88466665097854436     
  0.29776148386713641       0.88675745001894457     
  0.39682069371152262       0.88971707657579402     
  0.49572246982536017       0.89357658041775712     
  0.59443880528959181       0.89837374959479666     
  0.69294868460090353       0.90415143023535149     
  0.79123892123531159       0.91095539801497016     
  0.88930471054381488       0.91883175639725712     
  0.98714986998579912       0.92782385011272794     
   1.0847867491235597       0.93796870381059949     
   1.1822358041205325       0.94929302552543748     
   1.2795248453580883       0.96180885191314602     
   1.3766879815919142       0.97550895562867301     
   1.4737642989330606       0.99036218236071938     
   1.5707963267948974        1.0063089327412620     
   1.6678283546567332        1.0232570488195356     
   1.7649046719978796        1.0410784017838846     
   1.8620678082317064        1.0596065025406167     
   1.9593568494692613        1.0786354647325866     
   2.0568059044662359        1.0979206356724580     
   2.1544427836039950        1.1171811693069342     
   2.2522879430459795        1.1361047420651409     
   2.3503537323544821        1.1543545041995753     
   2.4486439689888915        1.1715782160587283     
   2.5471538483002023        1.1874193456336115     
   2.6458701837644343        1.2015297121679933     
   2.7447719598782716        1.2135830691340095     
   2.8438311697226579        1.2232888529474768     
   2.9430139007901950        1.2304052088273247     
   3.0422816261898502        1.2347503675852889     
   3.1415926535897931        1.2362115044333357     
 alknob=   0.0000000000000000     
 epsknob=   1.0000000000000001E-005
 bpknob=   1.0000000000000000E-008
 extrknob=   0.0000000000000000     
 thetamax=   0.0000000000000000     
 deltaw,widthw=   0.0000000000000000        1.0000000000000000     
 tension=   1.0000000000000000     
 ntheta,nlambda=          64          33
#gg4init - input grid - thetain bmagin 
    1  -3.14159265358979312       1.23621150443333572    
    2  -3.04228162618984976       1.23475036758528889    
    3  -2.94301390079019409       1.23040520882732474    
    4  -2.84383116972265704       1.22328885294747702    
    5  -2.74477195987827116       1.21358306913401015    
    6  -2.64587018376443339       1.20152971216799331    
    7  -2.54715384830020186       1.18741934563361151    
    8  -2.44864396898889014       1.17157821605872825    
    9  -2.35035373235448208       1.15435450419957530    
   10  -2.25228794304597901       1.13610474206514089    
   11  -2.15444278360399455       1.11718116930693423    
   12  -2.05680590446623413       1.09792063567245779    
   13  -1.95935684946926036       1.07863546473258665    
   14  -1.86206780823170504       1.05960650254061672    
   15  -1.76490467199787915       1.04107840178388455    
   16  -1.66782835465673274       1.02325704881953561    
   17  -1.57079632679489634       1.00630893274126199    
   18  -1.47376429893305971      0.990362182360719379    
   19  -1.37668798159191330      0.975508955628673013    
   20  -1.27952484535808741      0.961808851913146023    
   21  -1.18223580412053209      0.949293025525437484    
   22  -1.08478674912355855      0.937968703810599491    
   23 -0.987149869985797679      0.927823850112727944    
   24 -0.889304710543813548      0.918831756397257116    
   25 -0.791238921235310366      0.910955398014970275    
   26 -0.692948684600902420      0.904151430235351494    
   27 -0.594438805289590699      0.898373749594796656    
   28 -0.495722469825359002      0.893576580417757005    
   29 -0.396820693711521455      0.889717076575794019    
   30 -0.297761483867135301      0.886757450018944571    
   31 -0.198578752799597719      0.884666650978544356    
   32 -0.993110273999425891E-01  0.883421630721941908    
   33  0.561209856876280349E-15  0.883008217452382449    
   34  0.993110273999437132E-01  0.883421630721941908    
   35  0.198578752799598829      0.884666650978544356    
   36  0.297761483867136412      0.886757450018944571    
   37  0.396820693711522621      0.889717076575794019    
   38  0.495722469825360168      0.893576580417757116    
   39  0.594438805289591810      0.898373749594796656    
   40  0.692948684600903531      0.904151430235351494    
   41  0.791238921235311587      0.910955398014970164    
   42  0.889304710543814880      0.918831756397257116    
   43  0.987149869985799122      0.927823850112727944    
   44   1.08478674912355966      0.937968703810599491    
   45   1.18223580412053253      0.949293025525437484    
   46   1.27952484535808830      0.961808851913146023    
   47   1.37668798159191419      0.975508955628673013    
   48   1.47376429893306060      0.990362182360719379    
   49   1.57079632679489745       1.00630893274126199    
   50   1.66782835465673318       1.02325704881953561    
   51   1.76490467199787959       1.04107840178388455    
   52   1.86206780823170637       1.05960650254061672    
   53   1.95935684946926125       1.07863546473258665    
   54   2.05680590446623590       1.09792063567245801    
   55   2.15444278360399499       1.11718116930693423    
   56   2.25228794304597946       1.13610474206514089    
   57   2.35035373235448208       1.15435450419957530    
   58   2.44864396898889147       1.17157821605872825    
   59   2.54715384830020231       1.18741934563361151    
   60   2.64587018376443428       1.20152971216799331    
   61   2.74477195987827161       1.21358306913400948    
   62   2.84383116972265793       1.22328885294747680    
   63   2.94301390079019498       1.23040520882732474    
   64   3.04228162618985021       1.23475036758528889    
   65   3.14159265358979312       1.23621150443333572    
#gg4start - starting grid - thetastart thetastart
    1  -3.14159265358979312      -3.14159265358979312    
    2  0.561209856876280349E-15  0.561209856876280349E-15
    3  -3.10848897778981215      -3.10848897778981215    
    4  -3.07538530198983073      -3.07538530198983073    
    5  -3.04228162618984976      -3.04228162618984976    
    6  -3.00919238438996439      -3.00919238438996439    
    7  -2.97610314259007946      -2.97610314259007946    
    8  -2.94301390079019409      -2.94301390079019409    
    9  -2.90995299043434841      -2.90995299043434841    
   10  -2.87689208007850272      -2.87689208007850272    
   11  -2.84383116972265704      -2.84383116972265704    
   12  -2.81081143310786175      -2.81081143310786175    
   13  -2.77779169649306645      -2.77779169649306645    
   14  -2.74477195987827116      -2.74477195987827116    
   15  -2.71180470117365857      -2.71180470117365857    
   16  -2.67883744246904598      -2.67883744246904598    
   17  -2.64587018376443339      -2.64587018376443339    
   18  -2.61296473860968970      -2.61296473860968970    
   19  -2.58005929345494556      -2.58005929345494556    
   20  -2.54715384830020186      -2.54715384830020186    
   21  -2.51431722186309781      -2.51431722186309781    
   22  -2.48148059542599420      -2.48148059542599420    
   23  -2.44864396898889014      -2.44864396898889014    
   24  -2.41588055677742064      -2.41588055677742064    
   25  -2.38311714456595158      -2.38311714456595158    
   26  -2.35035373235448208      -2.35035373235448208    
   27  -2.31766513591831425      -2.31766513591831425    
   28  -2.28497653948214685      -2.28497653948214685    
   29  -2.25228794304597901      -2.25228794304597901    
   30  -2.21967288989865086      -2.21967288989865086    
   31  -2.18705783675132270      -2.18705783675132270    
   32  -2.15444278360399455      -2.15444278360399455    
   33  -2.12189715722474093      -2.12189715722474093    
   34  -2.08935153084548775      -2.08935153084548775    
   35  -2.05680590446623413      -2.05680590446623413    
   36  -2.02432288613390954      -2.02432288613390954    
   37  -1.99183986780158495      -1.99183986780158495    
   38  -1.95935684946926036      -1.95935684946926036    
   39  -1.92692716905674200      -1.92692716905674200    
   40  -1.89449748864422340      -1.89449748864422340    
   41  -1.86206780823170504      -1.86206780823170504    
   42  -1.82968009615376315      -1.82968009615376315    
   43  -1.79729238407582104      -1.79729238407582104    
   44  -1.76490467199787915      -1.76490467199787915    
   45  -1.73254589955083027      -1.73254589955083027    
   46  -1.70018712710378161      -1.70018712710378161    
   47  -1.66782835465673274      -1.66782835465673274    
   48  -1.63548434536945386      -1.63548434536945386    
   49  -1.60314033608217521      -1.60314033608217521    
   50  -1.57079632679489634      -1.57079632679489634    
   51  -1.53845231750761746      -1.53845231750761746    
   52  -1.50610830822033859      -1.50610830822033859    
   53  -1.47376429893305971      -1.47376429893305971    
   54  -1.44140552648601084      -1.44140552648601084    
   55  -1.40904675403896218      -1.40904675403896218    
   56  -1.37668798159191330      -1.37668798159191330    
   57  -1.34430026951397141      -1.34430026951397141    
   58  -1.31191255743602930      -1.31191255743602930    
   59  -1.27952484535808741      -1.27952484535808741    
   60  -1.24709516494556905      -1.24709516494556905    
   61  -1.21466548453305045      -1.21466548453305045    
   62  -1.18223580412053209      -1.18223580412053209    
   63  -1.14975278578820750      -1.14975278578820750    
   64  -1.11726976745588313      -1.11726976745588313    
   65  -1.08478674912355855      -1.08478674912355855    
   66  -1.05224112274430492      -1.05224112274430492    
   67  -1.01969549636505130      -1.01969549636505130    
   68 -0.987149869985797679     -0.987149869985797679    
   69 -0.954534816838469635     -0.954534816838469635    
   70 -0.921919763691141592     -0.921919763691141592    
   71 -0.889304710543813548     -0.889304710543813548    
   72 -0.856616114107645821     -0.856616114107645821    
   73 -0.823927517671478093     -0.823927517671478093    
   74 -0.791238921235310366     -0.791238921235310366    
   75 -0.758475509023841088     -0.758475509023841088    
   76 -0.725712096812371699     -0.725712096812371699    
   77 -0.692948684600902420     -0.692948684600902420    
   78 -0.660112058163798476     -0.660112058163798476    
   79 -0.627275431726694643     -0.627275431726694643    
   80 -0.594438805289590699     -0.594438805289590699    
   81 -0.561533360134846782     -0.561533360134846782    
   82 -0.528627914980102864     -0.528627914980102864    
   83 -0.495722469825359002     -0.495722469825359002    
   84 -0.462755211120746468     -0.462755211120746468    
   85 -0.429787952416133989     -0.429787952416133989    
   86 -0.396820693711521455     -0.396820693711521455    
   87 -0.363800957096726052     -0.363800957096726052    
   88 -0.330781220481930704     -0.330781220481930704    
   89 -0.297761483867135301     -0.297761483867135301    
   90 -0.264700573511289450     -0.264700573511289450    
   91 -0.231639663155443598     -0.231639663155443598    
   92 -0.198578752799597719     -0.198578752799597719    
   93 -0.165489510999712680     -0.165489510999712680    
   94 -0.132400269199827614     -0.132400269199827614    
   95 -0.993110273999425891E-01 -0.993110273999425891E-01
   96 -0.662073515999615503E-01 -0.662073515999615503E-01
   97 -0.331036757999804976E-01 -0.331036757999804976E-01
   98  0.331036757999816147E-01  0.331036757999816147E-01
   99  0.662073515999626605E-01  0.662073515999626605E-01
  100  0.993110273999437132E-01  0.993110273999437132E-01
  101  0.132400269199828752      0.132400269199828752    
  102  0.165489510999713790      0.165489510999713790    
  103  0.198578752799598829      0.198578752799598829    
  104  0.231639663155444681      0.231639663155444681    
  105  0.264700573511290560      0.264700573511290560    
  106  0.297761483867136412      0.297761483867136412    
  107  0.330781220481931815      0.330781220481931815    
  108  0.363800957096727218      0.363800957096727218    
  109  0.396820693711522621      0.396820693711522621    
  110  0.429787952416135155      0.429787952416135155    
  111  0.462755211120747634      0.462755211120747634    
  112  0.495722469825360168      0.495722469825360168    
  113  0.528627914980104086      0.528627914980104086    
  114  0.561533360134847892      0.561533360134847892    
  115  0.594438805289591810      0.594438805289591810    
  116  0.627275431726695754      0.627275431726695754    
  117  0.660112058163799587      0.660112058163799587    
  118  0.692948684600903531      0.692948684600903531    
  119  0.725712096812372920      0.725712096812372920    
  120  0.758475509023842198      0.758475509023842198    
  121  0.791238921235311587      0.791238921235311587    
  122  0.823927517671479315      0.823927517671479315    
  123  0.856616114107647153      0.856616114107647153    
  124  0.889304710543814880      0.889304710543814880    
  125  0.921919763691142924      0.921919763691142924    
  126  0.954534816838471079      0.954534816838471079    
  127  0.987149869985799122      0.987149869985799122    
  128   1.01969549636505263       1.01969549636505263    
  129   1.05224112274430626       1.05224112274430626    
  130   1.08478674912355966       1.08478674912355966    
  131   1.11726976745588402       1.11726976745588402    
  132   1.14975278578820816       1.14975278578820816    
  133   1.18223580412053253       1.18223580412053253    
  134   1.21466548453305112       1.21466548453305112    
  135   1.24709516494556971       1.24709516494556971    
  136   1.27952484535808830       1.27952484535808830    
  137   1.31191255743603019       1.31191255743603019    
  138   1.34430026951397230       1.34430026951397230    
  139   1.37668798159191419       1.37668798159191419    
  140   1.40904675403896307       1.40904675403896307    
  141   1.44140552648601172       1.44140552648601172    
  142   1.47376429893306060       1.47376429893306060    
  143   1.50610830822033948       1.50610830822033948    
  144   1.53845231750761857       1.53845231750761857    
  145   1.57079632679489745       1.57079632679489745    
  146   1.60314033608217610       1.60314033608217610    
  147   1.63548434536945453       1.63548434536945453    
  148   1.66782835465673318       1.66782835465673318    
  149   1.70018712710378206       1.70018712710378206    
  150   1.73254589955083071       1.73254589955083071    
  151   1.76490467199787959       1.76490467199787959    
  152   1.79729238407582192       1.79729238407582192    
  153   1.82968009615376404       1.82968009615376404    
  154   1.86206780823170637       1.86206780823170637    
  155   1.89449748864422474       1.89449748864422474    
  156   1.92692716905674288       1.92692716905674288    
  157   1.95935684946926125       1.95935684946926125    
  158   1.99183986780158606       1.99183986780158606    
  159   2.02432288613391087       2.02432288613391087    
  160   2.05680590446623590       2.05680590446623590    
  161   2.08935153084548908       2.08935153084548908    
  162   2.12189715722474181       2.12189715722474181    
  163   2.15444278360399499       2.15444278360399499    
  164   2.18705783675132315       2.18705783675132315    
  165   2.21967288989865130       2.21967288989865130    
  166   2.25228794304597946       2.25228794304597946    
  167   2.28497653948214685       2.28497653948214685    
  168   2.31766513591831469       2.31766513591831469    
  169   2.35035373235448208       2.35035373235448208    
  170   2.38311714456595203       2.38311714456595203    
  171   2.41588055677742153       2.41588055677742153    
  172   2.44864396898889147       2.44864396898889147    
  173   2.48148059542599508       2.48148059542599508    
  174   2.51431722186309869       2.51431722186309869    
  175   2.54715384830020231       2.54715384830020231    
  176   2.58005929345494645       2.58005929345494645    
  177   2.61296473860969014       2.61296473860969014    
  178   2.64587018376443428       2.64587018376443428    
  179   2.67883744246904687       2.67883744246904687    
  180   2.71180470117365902       2.71180470117365902    
  181   2.74477195987827161       2.74477195987827161    
  182   2.77779169649306690       2.77779169649306690    
  183   2.81081143310786263       2.81081143310786263    
  184   2.84383116972265793       2.84383116972265793    
  185   2.87689208007850361       2.87689208007850361    
  186   2.90995299043434930       2.90995299043434930    
  187   2.94301390079019498       2.94301390079019498    
  188   2.97610314259007991       2.97610314259007991    
  189   3.00919238438996528       3.00919238438996528    
  190   3.04228162618985021       3.04228162618985021    
  191   3.07538530198983118       3.07538530198983118    
  192   3.10848897778981215       3.10848897778981215    
#gg4start - starting field - bmagstart bmagstart
    1   1.23621150443333572       1.23621150443333572    
    2  0.883008217452382449      0.883008217452382449    
    3   1.23604268653010729       1.23604268653010729    
    4   1.23555517148350136       1.23555517148350136    
    5   1.23475036758528889       1.23475036758528889    
    6   1.23361263907541074       1.23361263907541074    
    7   1.23216286626086213       1.23216286626086213    
    8   1.23040520882732474       1.23040520882732474    
    9   1.22832850120318504       1.22832850120318504    
   10   1.22595414240908362       1.22595414240908362    
   11   1.22328885294747702       1.22328885294747702    
   12   1.22032679707633185       1.22032679707633185    
   13   1.21708854257217913       1.21708854257217913    
   14   1.21358306913401015       1.21358306913401015    
   15   1.20981034151253364       1.20981034151253364    
   16   1.20578893980206203       1.20578893980206203    
   17   1.20152971216799331       1.20152971216799331    
   18   1.19703846571440842       1.19703846571440842    
   19   1.19233092228228532       1.19233092228228532    
   20   1.18741934563361151       1.18741934563361151    
   21   1.18231500347074636       1.18231500347074636    
   22   1.17703022911735178       1.17703022911735178    
   23   1.17157821605872825       1.17157821605872825    
   24   1.16597493506593630       1.16597493506593630    
   25   1.16022915347571898       1.16022915347571898    
   26   1.15435450419957530       1.15435450419957530    
   27   1.14837061075129077       1.14837061075129077    
   28   1.14228282223118649       1.14228282223118649    
   29   1.13610474206514089       1.13610474206514089    
   30   1.12985841020374611       1.12985841020374611    
   31   1.12354616997172685       1.12354616997172685    
   32   1.11718116930693423       1.11718116930693423    
   33   1.11078655965797934       1.11078655965797934    
   34   1.10436227318090907       1.10436227318090907    
   35   1.09792063567245779       1.09792063567245779    
   36   1.09148465093205571       1.09148465093205571    
   37   1.08505252478297609       1.08505252478297609    
   38   1.07863546473258665       1.07863546473258665    
   39   1.07225521317165406       1.07225521317165406    
   40   1.06590893588618596       1.06590893588618596    
   41   1.05960650254061672       1.05960650254061672    
   42   1.05336750147864788       1.05336750147864788    
   43   1.04718867111076985       1.04718867111076985    
   44   1.04107840178388455       1.04107840178388455    
   45   1.03505350281031339       1.03505350281031339    
   46   1.02911077012681607       1.02911077012681607    
   47   1.02325704881953561       1.02325704881953561    
   48   1.01750602780078392       1.01750602780078392    
   49   1.01185488795512146       1.01185488795512146    
   50   1.00630893274126199       1.00630893274126199    
   51   1.00087866062929343       1.00087866062929343    
   52  0.995561801720593387      0.995561801720593387    
   53  0.990362182360719379      0.990362182360719379    
   54  0.985287276594409289      0.985287276594409289    
   55  0.980335379712336530      0.980335379712336530    
   56  0.975508955628673013      0.975508955628673013    
   57  0.970812804957235209      0.970812804957235209    
   58  0.966245685589572356      0.966245685589572356    
   59  0.961808851913146134      0.961808851913146134    
   60  0.957504908045402225      0.957504908045402225    
   61  0.953332891369153335      0.953332891369153335    
   62  0.949293025525437373      0.949293025525437373    
   63  0.945386261436928943      0.945386261436928943    
   64  0.941611692326707383      0.941611692326707383    
   65  0.937968703810599602      0.937968703810599602    
   66  0.934457149263288378      0.934457149263288378    
   67  0.931075950211706860      0.931075950211706860    
   68  0.927823850112728055      0.927823850112728055    
   69  0.924700128522172426      0.924700128522172426    
   70  0.921703333545741743      0.921703333545741743    
   71  0.918831756397257116      0.918831756397257116    
   72  0.916084562286742288      0.916084562286742288    
   73  0.913459770864426424      0.913459770864426424    
   74  0.910955398014970164      0.910955398014970164    
   75  0.908570869702733375      0.908570869702733375    
   76  0.906303580587761726      0.906303580587761726    
   77  0.904151430235351494      0.904151430235351494    
   78  0.902114387036829668      0.902114387036829668    
   79  0.900189186328290702      0.900189186328290702    
   80  0.898373749594796656      0.898373749594796656    
   81  0.896668775818658004      0.896668775818658004    
   82  0.895070366174661847      0.895070366174661847    
   83  0.893576580417757005      0.893576580417757005    
   84  0.892188949178080337      0.892188949178080337    
   85  0.890903016991735575      0.890903016991735575    
   86  0.889717076575794019      0.889717076575794019    
   87  0.888633514593080265      0.888633514593080265    
   88  0.887647439124870652      0.887647439124870652    
   89  0.886757450018944571      0.886757450018944571    
   90  0.885966750061682462      0.885966750061682462    
   91  0.885270162974381769      0.885270162974381769    
   92  0.884666650978544356      0.884666650978544356    
   93  0.884160141546109779      0.884160141546109779    
   94  0.883745347266181924      0.883745347266181924    
   95  0.883421630721941908      0.883421630721941908    
   96  0.883193513290537524      0.883193513290537524    
   97  0.883055780499823917      0.883055780499823917    
   98   0.00000000000000000       0.00000000000000000    
   99   0.00000000000000000       0.00000000000000000    
  100   0.00000000000000000       0.00000000000000000    
  101   0.00000000000000000       0.00000000000000000    
  102   0.00000000000000000       0.00000000000000000    
  103   0.00000000000000000       0.00000000000000000    
  104   0.00000000000000000       0.00000000000000000    
  105   0.00000000000000000       0.00000000000000000    
  106   0.00000000000000000       0.00000000000000000    
  107   0.00000000000000000       0.00000000000000000    
  108   0.00000000000000000       0.00000000000000000    
  109   0.00000000000000000       0.00000000000000000    
  110   0.00000000000000000       0.00000000000000000    
  111   0.00000000000000000       0.00000000000000000    
  112   0.00000000000000000       0.00000000000000000    
  113   0.00000000000000000       0.00000000000000000    
  114   0.00000000000000000       0.00000000000000000    
  115   0.00000000000000000       0.00000000000000000    
  116   0.00000000000000000       0.00000000000000000    
  117   0.00000000000000000       0.00000000000000000    
  118   0.00000000000000000       0.00000000000000000    
  119   0.00000000000000000       0.00000000000000000    
  120   0.00000000000000000       0.00000000000000000    
  121   0.00000000000000000       0.00000000000000000    
  122   0.00000000000000000       0.00000000000000000    
  123   0.00000000000000000       0.00000000000000000    
  124   0.00000000000000000       0.00000000000000000    
  125   0.00000000000000000       0.00000000000000000    
  126   0.00000000000000000       0.00000000000000000    
  127   0.00000000000000000       0.00000000000000000    
  128   0.00000000000000000       0.00000000000000000    
  129   0.00000000000000000       0.00000000000000000    
  130   0.00000000000000000       0.00000000000000000    
  131   0.00000000000000000       0.00000000000000000    
  132   0.00000000000000000       0.00000000000000000    
  133   0.00000000000000000       0.00000000000000000    
  134   0.00000000000000000       0.00000000000000000    
  135   0.00000000000000000       0.00000000000000000    
  136   0.00000000000000000       0.00000000000000000    
  137   0.00000000000000000       0.00000000000000000    
  138   0.00000000000000000       0.00000000000000000    
  139   0.00000000000000000       0.00000000000000000    
  140   0.00000000000000000       0.00000000000000000    
  141   0.00000000000000000       0.00000000000000000    
  142   0.00000000000000000       0.00000000000000000    
  143   0.00000000000000000       0.00000000000000000    
  144   0.00000000000000000       0.00000000000000000    
  145   0.00000000000000000       0.00000000000000000    
  146   0.00000000000000000       0.00000000000000000    
  147   0.00000000000000000       0.00000000000000000    
  148   0.00000000000000000       0.00000000000000000    
  149   0.00000000000000000       0.00000000000000000    
  150   0.00000000000000000       0.00000000000000000    
  151   0.00000000000000000       0.00000000000000000    
  152   0.00000000000000000       0.00000000000000000    
  153   0.00000000000000000       0.00000000000000000    
  154   0.00000000000000000       0.00000000000000000    
  155   0.00000000000000000       0.00000000000000000    
  156   0.00000000000000000       0.00000000000000000    
  157   0.00000000000000000       0.00000000000000000    
  158   0.00000000000000000       0.00000000000000000    
  159   0.00000000000000000       0.00000000000000000    
  160   0.00000000000000000       0.00000000000000000    
  161   0.00000000000000000       0.00000000000000000    
  162   0.00000000000000000       0.00000000000000000    
  163   0.00000000000000000       0.00000000000000000    
  164   0.00000000000000000       0.00000000000000000    
  165   0.00000000000000000       0.00000000000000000    
  166   0.00000000000000000       0.00000000000000000    
  167   0.00000000000000000       0.00000000000000000    
  168   0.00000000000000000       0.00000000000000000    
  169   0.00000000000000000       0.00000000000000000    
  170   0.00000000000000000       0.00000000000000000    
  171   0.00000000000000000       0.00000000000000000    
  172   0.00000000000000000       0.00000000000000000    
  173   0.00000000000000000       0.00000000000000000    
  174   0.00000000000000000       0.00000000000000000    
  175   0.00000000000000000       0.00000000000000000    
  176   0.00000000000000000       0.00000000000000000    
  177   0.00000000000000000       0.00000000000000000    
  178   0.00000000000000000       0.00000000000000000    
  179   0.00000000000000000       0.00000000000000000    
  180   0.00000000000000000       0.00000000000000000    
  181   0.00000000000000000       0.00000000000000000    
  182   0.00000000000000000       0.00000000000000000    
  183   0.00000000000000000       0.00000000000000000    
  184   0.00000000000000000       0.00000000000000000    
  185   0.00000000000000000       0.00000000000000000    
  186   0.00000000000000000       0.00000000000000000    
  187   0.00000000000000000       0.00000000000000000    
  188   0.00000000000000000       0.00000000000000000    
  189   0.00000000000000000       0.00000000000000000    
  190   0.00000000000000000       0.00000000000000000    
  191   0.00000000000000000       0.00000000000000000    
  192   0.00000000000000000       0.00000000000000000    
#gg4start - essentialstart
           1 T
           2 T
           3 F
           4 F
           5 F
           6 F
           7 F
           8 F
           9 F
          10 F
          11 F
          12 F
          13 F
          14 F
          15 F
          16 F
          17 F
          18 F
          19 F
          20 F
          21 F
          22 F
          23 F
          24 F
          25 F
          26 F
          27 F
          28 F
          29 F
          30 F
          31 F
          32 F
          33 F
          34 F
          35 F
          36 F
          37 F
          38 F
          39 F
          40 F
          41 F
          42 F
          43 F
          44 F
          45 F
          46 F
          47 F
          48 F
          49 F
          50 F
          51 F
          52 F
          53 F
          54 F
          55 F
          56 F
          57 F
          58 F
          59 F
          60 F
          61 F
          62 F
          63 F
          64 F
          65 F
          66 F
          67 F
          68 F
          69 F
          70 F
          71 F
          72 F
          73 F
          74 F
          75 F
          76 F
          77 F
          78 F
          79 F
          80 F
          81 F
          82 F
          83 F
          84 F
          85 F
          86 F
          87 F
          88 F
          89 F
          90 F
          91 F
          92 F
          93 F
          94 F
          95 F
          96 F
          97 F
          98 F
          99 F
         100 F
         101 F
         102 F
         103 F
         104 F
         105 F
         106 F
         107 F
         108 F
         109 F
         110 F
         111 F
         112 F
         113 F
         114 F
         115 F
         116 F
         117 F
         118 F
         119 F
         120 F
         121 F
         122 F
         123 F
         124 F
         125 F
         126 F
         127 F
         128 F
         129 F
         130 F
         131 F
         132 F
         133 F
         134 F
         135 F
         136 F
         137 F
         138 F
         139 F
         140 F
         141 F
         142 F
         143 F
         144 F
         145 F
         146 F
         147 F
         148 F
         149 F
         150 F
         151 F
         152 F
         153 F
         154 F
         155 F
         156 F
         157 F
         158 F
         159 F
         160 F
         161 F
         162 F
         163 F
         164 F
         165 F
         166 F
         167 F
         168 F
         169 F
         170 F
         171 F
         172 F
         173 F
         174 F
         175 F
         176 F
         177 F
         178 F
         179 F
         180 F
         181 F
         182 F
         183 F
         184 F
         185 F
         186 F
         187 F
         188 F
         189 F
         190 F
         191 F
         192 F
# gg4collect - bmagset bmagset
    1   1.23621150443333572       1.23621150443333572    
    2  0.883008217452382449      0.883008217452382449    
    3   1.23604268653010729       1.23604268653010729    
    4   1.23555517148350136       1.23555517148350136    
    5   1.23475036758528889       1.23475036758528889    
    6   1.23361263907541074       1.23361263907541074    
    7   1.23216286626086213       1.23216286626086213    
    8   1.23040520882732474       1.23040520882732474    
    9   1.22832850120318504       1.22832850120318504    
   10   1.22595414240908362       1.22595414240908362    
   11   1.22328885294747702       1.22328885294747702    
   12   1.22032679707633185       1.22032679707633185    
   13   1.21708854257217913       1.21708854257217913    
   14   1.21358306913401015       1.21358306913401015    
   15   1.20981034151253364       1.20981034151253364    
   16   1.20578893980206203       1.20578893980206203    
   17   1.20152971216799331       1.20152971216799331    
   18   1.19703846571440842       1.19703846571440842    
   19   1.19233092228228532       1.19233092228228532    
   20   1.18741934563361151       1.18741934563361151    
   21   1.18231500347074636       1.18231500347074636    
   22   1.17703022911735178       1.17703022911735178    
   23   1.17157821605872825       1.17157821605872825    
   24   1.16597493506593630       1.16597493506593630    
   25   1.16022915347571898       1.16022915347571898    
   26   1.15435450419957530       1.15435450419957530    
   27   1.14837061075129077       1.14837061075129077    
   28   1.14228282223118649       1.14228282223118649    
   29   1.13610474206514089       1.13610474206514089    
   30   1.12985841020374611       1.12985841020374611    
   31   1.12354616997172685       1.12354616997172685    
   32   1.11718116930693423       1.11718116930693423    
   33   1.11078655965797934       1.11078655965797934    
   34   1.10436227318090907       1.10436227318090907    
   35   1.09792063567245779       1.09792063567245779    
   36   1.09148465093205571       1.09148465093205571    
   37   1.08505252478297609       1.08505252478297609    
   38   1.07863546473258665       1.07863546473258665    
   39   1.07225521317165406       1.07225521317165406    
   40   1.06590893588618596       1.06590893588618596    
   41   1.05960650254061672       1.05960650254061672    
   42   1.05336750147864788       1.05336750147864788    
   43   1.04718867111076985       1.04718867111076985    
   44   1.04107840178388455       1.04107840178388455    
   45   1.03505350281031339       1.03505350281031339    
   46   1.02911077012681607       1.02911077012681607    
   47   1.02325704881953561       1.02325704881953561    
   48   1.01750602780078392       1.01750602780078392    
   49   1.01185488795512146       1.01185488795512146    
   50   1.00630893274126199       1.00630893274126199    
   51   1.00087866062929343       1.00087866062929343    
   52  0.995561801720593387      0.995561801720593387    
   53  0.990362182360719379      0.990362182360719379    
   54  0.985287276594409289      0.985287276594409289    
   55  0.980335379712336530      0.980335379712336530    
   56  0.975508955628673013      0.975508955628673013    
   57  0.970812804957235209      0.970812804957235209    
   58  0.966245685589572356      0.966245685589572356    
   59  0.961808851913146134      0.961808851913146134    
   60  0.957504908045402225      0.957504908045402225    
   61  0.953332891369153335      0.953332891369153335    
   62  0.949293025525437373      0.949293025525437373    
   63  0.945386261436928943      0.945386261436928943    
   64  0.941611692326707383      0.941611692326707383    
   65  0.937968703810599602      0.937968703810599602    
   66  0.934457149263288378      0.934457149263288378    
   67  0.931075950211706860      0.931075950211706860    
   68  0.927823850112728055      0.927823850112728055    
   69  0.924700128522172426      0.924700128522172426    
   70  0.921703333545741743      0.921703333545741743    
   71  0.918831756397257116      0.918831756397257116    
   72  0.916084562286742288      0.916084562286742288    
   73  0.913459770864426424      0.913459770864426424    
   74  0.910955398014970164      0.910955398014970164    
   75  0.908570869702733375      0.908570869702733375    
   76  0.906303580587761726      0.906303580587761726    
   77  0.904151430235351494      0.904151430235351494    
   78  0.902114387036829668      0.902114387036829668    
   79  0.900189186328290702      0.900189186328290702    
   80  0.898373749594796656      0.898373749594796656    
   81  0.896668775818658004      0.896668775818658004    
   82  0.895070366174661847      0.895070366174661847    
   83  0.893576580417757005      0.893576580417757005    
   84  0.892188949178080337      0.892188949178080337    
   85  0.890903016991735575      0.890903016991735575    
   86  0.889717076575794019      0.889717076575794019    
   87  0.888633514593080265      0.888633514593080265    
   88  0.887647439124870652      0.887647439124870652    
   89  0.886757450018944571      0.886757450018944571    
   90  0.885966750061682462      0.885966750061682462    
   91  0.885270162974381769      0.885270162974381769    
   92  0.884666650978544356      0.884666650978544356    
   93  0.884160141546109779      0.884160141546109779    
   94  0.883745347266181924      0.883745347266181924    
   95  0.883421630721941908      0.883421630721941908    
   96  0.883193513290537524      0.883193513290537524    
   97  0.883055780499823917      0.883055780499823917    
   98   0.00000000000000000       0.00000000000000000    
   99   0.00000000000000000       0.00000000000000000    
  100   0.00000000000000000       0.00000000000000000    
  101   0.00000000000000000       0.00000000000000000    
  102   0.00000000000000000       0.00000000000000000    
  103   0.00000000000000000       0.00000000000000000    
  104   0.00000000000000000       0.00000000000000000    
  105   0.00000000000000000       0.00000000000000000    
  106   0.00000000000000000       0.00000000000000000    
  107   0.00000000000000000       0.00000000000000000    
  108   0.00000000000000000       0.00000000000000000    
  109   0.00000000000000000       0.00000000000000000    
  110   0.00000000000000000       0.00000000000000000    
  111   0.00000000000000000       0.00000000000000000    
  112   0.00000000000000000       0.00000000000000000    
  113   0.00000000000000000       0.00000000000000000    
  114   0.00000000000000000       0.00000000000000000    
  115   0.00000000000000000       0.00000000000000000    
  116   0.00000000000000000       0.00000000000000000    
  117   0.00000000000000000       0.00000000000000000    
  118   0.00000000000000000       0.00000000000000000    
  119   0.00000000000000000       0.00000000000000000    
  120   0.00000000000000000       0.00000000000000000    
  121   0.00000000000000000       0.00000000000000000    
  122   0.00000000000000000       0.00000000000000000    
  123   0.00000000000000000       0.00000000000000000    
  124   0.00000000000000000       0.00000000000000000    
  125   0.00000000000000000       0.00000000000000000    
  126   0.00000000000000000       0.00000000000000000    
  127   0.00000000000000000       0.00000000000000000    
  128   0.00000000000000000       0.00000000000000000    
  129   0.00000000000000000       0.00000000000000000    
  130   0.00000000000000000       0.00000000000000000    
  131   0.00000000000000000       0.00000000000000000    
  132   0.00000000000000000       0.00000000000000000    
  133   0.00000000000000000       0.00000000000000000    
  134   0.00000000000000000       0.00000000000000000    
  135   0.00000000000000000       0.00000000000000000    
  136   0.00000000000000000       0.00000000000000000    
  137   0.00000000000000000       0.00000000000000000    
  138   0.00000000000000000       0.00000000000000000    
  139   0.00000000000000000       0.00000000000000000    
  140   0.00000000000000000       0.00000000000000000    
  141   0.00000000000000000       0.00000000000000000    
  142   0.00000000000000000       0.00000000000000000    
  143   0.00000000000000000       0.00000000000000000    
  144   0.00000000000000000       0.00000000000000000    
  145   0.00000000000000000       0.00000000000000000    
  146   0.00000000000000000       0.00000000000000000    
  147   0.00000000000000000       0.00000000000000000    
  148   0.00000000000000000       0.00000000000000000    
  149   0.00000000000000000       0.00000000000000000    
  150   0.00000000000000000       0.00000000000000000    
  151   0.00000000000000000       0.00000000000000000    
  152   0.00000000000000000       0.00000000000000000    
  153   0.00000000000000000       0.00000000000000000    
  154   0.00000000000000000       0.00000000000000000    
  155   0.00000000000000000       0.00000000000000000    
  156   0.00000000000000000       0.00000000000000000    
  157   0.00000000000000000       0.00000000000000000    
  158   0.00000000000000000       0.00000000000000000    
  159   0.00000000000000000       0.00000000000000000    
  160   0.00000000000000000       0.00000000000000000    
  161   0.00000000000000000       0.00000000000000000    
  162   0.00000000000000000       0.00000000000000000    
  163   0.00000000000000000       0.00000000000000000    
  164   0.00000000000000000       0.00000000000000000    
  165   0.00000000000000000       0.00000000000000000    
  166   0.00000000000000000       0.00000000000000000    
  167   0.00000000000000000       0.00000000000000000    
  168   0.00000000000000000       0.00000000000000000    
  169   0.00000000000000000       0.00000000000000000    
  170   0.00000000000000000       0.00000000000000000    
  171   0.00000000000000000       0.00000000000000000    
  172   0.00000000000000000       0.00000000000000000    
  173   0.00000000000000000       0.00000000000000000    
  174   0.00000000000000000       0.00000000000000000    
  175   0.00000000000000000       0.00000000000000000    
  176   0.00000000000000000       0.00000000000000000    
  177   0.00000000000000000       0.00000000000000000    
  178   0.00000000000000000       0.00000000000000000    
  179   0.00000000000000000       0.00000000000000000    
  180   0.00000000000000000       0.00000000000000000    
  181   0.00000000000000000       0.00000000000000000    
  182   0.00000000000000000       0.00000000000000000    
  183   0.00000000000000000       0.00000000000000000    
  184   0.00000000000000000       0.00000000000000000    
  185   0.00000000000000000       0.00000000000000000    
  186   0.00000000000000000       0.00000000000000000    
  187   0.00000000000000000       0.00000000000000000    
  188   0.00000000000000000       0.00000000000000000    
  189   0.00000000000000000       0.00000000000000000    
  190   0.00000000000000000       0.00000000000000000    
  191   0.00000000000000000       0.00000000000000000    
  192   0.00000000000000000       0.00000000000000000    
# gg4collect - thetasetset ibmagsetset icollsetset
    1  -3.14159265358979312        1          2
    2  0.561209856876280349E-15    2          2
    3  -3.10848897778981215        3          2
    4   3.10848897778979794        3       3222
    5  -3.07538530198983073        4          2
    6   3.07538530198982318        4       3222
    7  -3.04228162618984976        5          2
    8   3.04228162618985021        5        331
    9  -3.00919238438996439        6          2
   10   3.00919238438997150        6       3222
   11  -2.97610314259007946        7          2
   12   2.97610314259007946        7       3222
   13  -2.94301390079019409        8          2
   14   2.94301390079019498        8        331
   15  -2.90995299043434841        9          2
   16   2.90995299043435018        9       3222
   17  -2.87689208007850272       10          2
   18   2.87689208007850583       10       3222
   19  -2.84383116972265704       11          2
   20   2.84383116972266059       11       3222
   21  -2.81081143310786175       12          2
   22   2.81081143310786619       12       3222
   23  -2.77779169649306645       13          2
   24   2.77779169649307134       13       3222
   25  -2.74477195987827116       14          2
   26   2.74477195987827871       14       3222
   27  -2.71180470117365857       15          2
   28   2.71180470117366301       15       3222
   29  -2.67883744246904598       16          2
   30   2.67883744246904865       16       3222
   31  -2.64587018376443339       17          2
   32   2.64587018376443428       17        331
   33  -2.61296473860968970       18          2
   34   2.61296473860968970       18       3222
   35  -2.58005929345494556       19          2
   36   2.58005929345494467       19       3222
   37  -2.54715384830020186       20          2
   38   2.54715384830020231       20        331
   39  -2.51431722186309781       21          2
   40   2.51431722186309781       21       3222
   41  -2.48148059542599420       22          2
   42   2.48148059542599597       22       3222
   43  -2.44864396898889014       23          2
   44   2.44864396898889147       23        331
   45  -2.41588055677742064       24          2
   46   2.41588055677742197       24       3222
   47  -2.38311714456595158       25          2
   48   2.38311714456595114       25       3222
   49  -2.35035373235448208       26          2
   50   2.35035373235448208       26        331
   51  -2.31766513591831425       27          2
   52   2.31766513591831425       27       3222
   53  -2.28497653948214685       28          2
   54   2.28497653948214685       28       3222
   55  -2.25228794304597901       29          2
   56   2.25228794304597946       29        331
   57  -2.21967288989865086       30          2
   58   2.21967288989865175       30       3222
   59  -2.18705783675132270       31          2
   60   2.18705783675132270       31       3222
   61  -2.15444278360399455       32          2
   62   2.15444278360399499       32        331
   63  -2.12189715722474093       33          2
   64   2.12189715722474137       33       3222
   65  -2.08935153084548775       34          2
   66   2.08935153084548730       34       3222
   67  -2.05680590446623413       35          2
   68   2.05680590446623457       35       3222
   69  -2.02432288613390954       36          2
   70   2.02432288613391131       36       3222
   71  -1.99183986780158495       37          2
   72   1.99183986780158606       37       3222
   73  -1.95935684946926036       38          2
   74   1.95935684946926125       38        331
   75  -1.92692716905674200       39          2
   76   1.92692716905674333       39       3222
   77  -1.89449748864422340       40          2
   78   1.89449748864422540       40       3222
   79  -1.86206780823170504       41          2
   80   1.86206780823170637       41        331
   81  -1.82968009615376315       42          2
   82   1.82968009615376426       42       3222
   83  -1.79729238407582104       43          2
   84   1.79729238407582192       43       3222
   85  -1.76490467199787915       44          2
   86   1.76490467199787959       44        331
   87  -1.73254589955083027       45          2
   88   1.73254589955083027       45       3222
   89  -1.70018712710378161       46          2
   90   1.70018712710378073       46       3222
   91  -1.66782835465673274       47          2
   92   1.66782835465673318       47        331
   93  -1.63548434536945386       48          2
   94   1.63548434536945431       48       3222
   95  -1.60314033608217521       49          2
   96   1.60314033608217699       49       3222
   97  -1.57079632679489634       50          2
   98   1.57079632679489745       50        331
   99  -1.53845231750761746       51          2
  100   1.53845231750761879       51       3222
  101  -1.50610830822033859       52          2
  102   1.50610830822033925       52       3222
  103  -1.47376429893305971       53          2
  104   1.47376429893306060       53        331
  105  -1.44140552648601084       54          2
  106   1.44140552648601128       54       3222
  107  -1.40904675403896218       55          2
  108   1.40904675403896329       55       3222
  109  -1.37668798159191330       56          2
  110   1.37668798159191419       56        331
  111  -1.34430026951397141       57          2
  112   1.34430026951397252       57       3222
  113  -1.31191255743602930       58          2
  114   1.31191255743603019       58       3222
  115  -1.27952484535808741       59          2
  116   1.27952484535808897       59       3222
  117  -1.24709516494556905       60          2
  118   1.24709516494557038       60       3222
  119  -1.21466548453305045       61          2
  120   1.21466548453305068       61       3222
  121  -1.18223580412053209       62          2
  122   1.18223580412053098       62       3222
  123  -1.14975278578820750       63          2
  124   1.14975278578820861       63       3222
  125  -1.11726976745588313       64          2
  126   1.11726976745588447       64       3222
  127  -1.08478674912355855       65          2
  128   1.08478674912356121       65       3222
  129  -1.05224112274430492       66          2
  130   1.05224112274430537       66       3222
  131  -1.01969549636505130       67          2
  132   1.01969549636505219       67       3222
  133 -0.987149869985797679       68          2
  134  0.987149869985799899       68       3222
  135 -0.954534816838469635       69          2
  136  0.954534816838468858       69       3222
  137 -0.921919763691141592       70          2
  138  0.921919763691142258       70       3222
  139 -0.889304710543813548       71          2
  140  0.889304710543814880       71        331
  141 -0.856616114107645821       72          2
  142  0.856616114107647153       72       3222
  143 -0.823927517671478093       73          2
  144  0.823927517671481979       73       3222
  145 -0.791238921235310366       74          2
  146  0.791238921235311587       74        331
  147 -0.758475509023841088       75          2
  148  0.758475509023844641       75       3222
  149 -0.725712096812371699       76          2
  150  0.725712096812373364       76       3222
  151 -0.692948684600902420       77          2
  152  0.692948684600903531       77        331
  153 -0.660112058163798476       78          2
  154  0.660112058163798698       78       3222
  155 -0.627275431726694643       79          2
  156  0.627275431726696642       79       3222
  157 -0.594438805289590699       80          2
  158  0.594438805289591810       80        331
  159 -0.561533360134846782       81          2
  160  0.561533360134849779       81       3222
  161 -0.528627914980102864       82          2
  162  0.528627914980096536       82       3222
  163 -0.495722469825359002       83          2
  164  0.495722469825357170       83       3222
  165 -0.462755211120746468       84          2
  166  0.462755211120744026       84       3222
  167 -0.429787952416133989       85          2
  168  0.429787952416133101       85       3222
  169 -0.396820693711521455       86          2
  170  0.396820693711522621       86        331
  171 -0.363800957096726052       87          2
  172  0.363800957096729216       87       3222
  173 -0.330781220481930704       88          2
  174  0.330781220481929816       88       3222
  175 -0.297761483867135301       89          2
  176  0.297761483867136412       89        331
  177 -0.264700573511289450       90          2
  178  0.264700573511286674       90       3222
  179 -0.231639663155443598       91          2
  180  0.231639663155448372       91       3222
  181 -0.198578752799597719       92          2
  182  0.198578752799598829       92        331
  183 -0.165489510999712680       93          2
  184  0.165489510999709960       93       3222
  185 -0.132400269199827614       94          2
  186  0.132400269199832582       94       3222
  187 -0.993110273999425891E-01   95          2
  188  0.993110273999437132E-01   95        331
  189 -0.662073515999615503E-01   96          2
  190  0.662073515999476170E-01   96       3222
  191 -0.331036757999804976E-01   97          2
  192  0.331036758000063380E-01   97       3222
#gg4sort - thetasetset ithetasort ithetasort
    1  -3.14159265358979312        1          1
    2  0.561209856876280349E-15    3          3
    3  -3.10848897778981215        5          5
    4   3.10848897778979794        7          7
    5  -3.07538530198983073        9          9
    6   3.07538530198982318       11         11
    7  -3.04228162618984976       13         13
    8   3.04228162618985021       15         15
    9  -3.00919238438996439       17         17
   10   3.00919238438997150       19         19
   11  -2.97610314259007946       21         21
   12   2.97610314259007946       23         23
   13  -2.94301390079019409       25         25
   14   2.94301390079019498       27         27
   15  -2.90995299043434841       29         29
   16   2.90995299043435018       31         31
   17  -2.87689208007850272       33         33
   18   2.87689208007850583       35         35
   19  -2.84383116972265704       37         37
   20   2.84383116972266059       39         39
   21  -2.81081143310786175       41         41
   22   2.81081143310786619       43         43
   23  -2.77779169649306645       45         45
   24   2.77779169649307134       47         47
   25  -2.74477195987827116       49         49
   26   2.74477195987827871       51         51
   27  -2.71180470117365857       53         53
   28   2.71180470117366301       55         55
   29  -2.67883744246904598       57         57
   30   2.67883744246904865       59         59
   31  -2.64587018376443339       61         61
   32   2.64587018376443428       63         63
   33  -2.61296473860968970       65         65
   34   2.61296473860968970       67         67
   35  -2.58005929345494556       69         69
   36   2.58005929345494467       71         71
   37  -2.54715384830020186       73         73
   38   2.54715384830020231       75         75
   39  -2.51431722186309781       77         77
   40   2.51431722186309781       79         79
   41  -2.48148059542599420       81         81
   42   2.48148059542599597       83         83
   43  -2.44864396898889014       85         85
   44   2.44864396898889147       87         87
   45  -2.41588055677742064       89         89
   46   2.41588055677742197       91         91
   47  -2.38311714456595158       93         93
   48   2.38311714456595114       95         95
   49  -2.35035373235448208       97         97
   50   2.35035373235448208       99         99
   51  -2.31766513591831425      101        101
   52   2.31766513591831425      103        103
   53  -2.28497653948214685      105        105
   54   2.28497653948214685      107        107
   55  -2.25228794304597901      109        109
   56   2.25228794304597946      111        111
   57  -2.21967288989865086      113        113
   58   2.21967288989865175      115        115
   59  -2.18705783675132270      117        117
   60   2.18705783675132270      119        119
   61  -2.15444278360399455      121        121
   62   2.15444278360399499      123        123
   63  -2.12189715722474093      125        125
   64   2.12189715722474137      127        127
   65  -2.08935153084548775      129        129
   66   2.08935153084548730      131        131
   67  -2.05680590446623413      133        133
   68   2.05680590446623457      135        135
   69  -2.02432288613390954      137        137
   70   2.02432288613391131      139        139
   71  -1.99183986780158495      141        141
   72   1.99183986780158606      143        143
   73  -1.95935684946926036      145        145
   74   1.95935684946926125      147        147
   75  -1.92692716905674200      149        149
   76   1.92692716905674333      151        151
   77  -1.89449748864422340      153        153
   78   1.89449748864422540      155        155
   79  -1.86206780823170504      157        157
   80   1.86206780823170637      159        159
   81  -1.82968009615376315      161        161
   82   1.82968009615376426      163        163
   83  -1.79729238407582104      165        165
   84   1.79729238407582192      167        167
   85  -1.76490467199787915      169        169
   86   1.76490467199787959      171        171
   87  -1.73254589955083027      173        173
   88   1.73254589955083027      175        175
   89  -1.70018712710378161      177        177
   90   1.70018712710378073      179        179
   91  -1.66782835465673274      181        181
   92   1.66782835465673318      183        183
   93  -1.63548434536945386      185        185
   94   1.63548434536945431      187        187
   95  -1.60314033608217521      189        189
   96   1.60314033608217699      191        191
   97  -1.57079632679489634        2          2
   98   1.57079632679489745      192        192
   99  -1.53845231750761746      190        190
  100   1.53845231750761879      188        188
  101  -1.50610830822033859      186        186
  102   1.50610830822033925      184        184
  103  -1.47376429893305971      182        182
  104   1.47376429893306060      180        180
  105  -1.44140552648601084      178        178
  106   1.44140552648601128      176        176
  107  -1.40904675403896218      174        174
  108   1.40904675403896329      172        172
  109  -1.37668798159191330      170        170
  110   1.37668798159191419      168        168
  111  -1.34430026951397141      166        166
  112   1.34430026951397252      164        164
  113  -1.31191255743602930      162        162
  114   1.31191255743603019      160        160
  115  -1.27952484535808741      158        158
  116   1.27952484535808897      156        156
  117  -1.24709516494556905      154        154
  118   1.24709516494557038      152        152
  119  -1.21466548453305045      150        150
  120   1.21466548453305068      148        148
  121  -1.18223580412053209      146        146
  122   1.18223580412053098      144        144
  123  -1.14975278578820750      142        142
  124   1.14975278578820861      140        140
  125  -1.11726976745588313      138        138
  126   1.11726976745588447      136        136
  127  -1.08478674912355855      134        134
  128   1.08478674912356121      132        132
  129  -1.05224112274430492      130        130
  130   1.05224112274430537      128        128
  131  -1.01969549636505130      126        126
  132   1.01969549636505219      124        124
  133 -0.987149869985797679      122        122
  134  0.987149869985799899      120        120
  135 -0.954534816838469635      118        118
  136  0.954534816838468858      116        116
  137 -0.921919763691141592      114        114
  138  0.921919763691142258      112        112
  139 -0.889304710543813548      110        110
  140  0.889304710543814880      108        108
  141 -0.856616114107645821      106        106
  142  0.856616114107647153      104        104
  143 -0.823927517671478093      102        102
  144  0.823927517671481979      100        100
  145 -0.791238921235310366       98         98
  146  0.791238921235311587       96         96
  147 -0.758475509023841088       94         94
  148  0.758475509023844641       92         92
  149 -0.725712096812371699       90         90
  150  0.725712096812373364       88         88
  151 -0.692948684600902420       86         86
  152  0.692948684600903531       84         84
  153 -0.660112058163798476       82         82
  154  0.660112058163798698       80         80
  155 -0.627275431726694643       78         78
  156  0.627275431726696642       76         76
  157 -0.594438805289590699       74         74
  158  0.594438805289591810       72         72
  159 -0.561533360134846782       70         70
  160  0.561533360134849779       68         68
  161 -0.528627914980102864       66         66
  162  0.528627914980096536       64         64
  163 -0.495722469825359002       62         62
  164  0.495722469825357170       60         60
  165 -0.462755211120746468       58         58
  166  0.462755211120744026       56         56
  167 -0.429787952416133989       54         54
  168  0.429787952416133101       52         52
  169 -0.396820693711521455       50         50
  170  0.396820693711522621       48         48
  171 -0.363800957096726052       46         46
  172  0.363800957096729216       44         44
  173 -0.330781220481930704       42         42
  174  0.330781220481929816       40         40
  175 -0.297761483867135301       38         38
  176  0.297761483867136412       36         36
  177 -0.264700573511289450       34         34
  178  0.264700573511286674       32         32
  179 -0.231639663155443598       30         30
  180  0.231639663155448372       28         28
  181 -0.198578752799597719       26         26
  182  0.198578752799598829       24         24
  183 -0.165489510999712680       22         22
  184  0.165489510999709960       20         20
  185 -0.132400269199827614       18         18
  186  0.132400269199832582       16         16
  187 -0.993110273999425891E-01   14         14
  188  0.993110273999437132E-01   12         12
  189 -0.662073515999615503E-01   10         10
  190  0.662073515999476170E-01    8          8
  191 -0.331036757999804976E-01    6          6
  192  0.331036758000063380E-01    4          4
#gg4sort - bmagset ibmagsort ibmagsort
    1   1.23621150443333572      192        192
    2  0.883008217452382449      132        132
    3   1.23604268653010729      123        123
    4   1.23555517148350136      124        124
    5   1.23475036758528889      125        125
    6   1.23361263907541074      126        126
    7   1.23216286626086213      127        127
    8   1.23040520882732474      128        128
    9   1.22832850120318504      129        129
   10   1.22595414240908362      130        130
   11   1.22328885294747702      131        131
   12   1.22032679707633185      133        133
   13   1.21708854257217913      121        121
   14   1.21358306913401015      134        134
   15   1.20981034151253364      135        135
   16   1.20578893980206203      136        136
   17   1.20152971216799331      137        137
   18   1.19703846571440842      138        138
   19   1.19233092228228532      139        139
   20   1.18741934563361151      140        140
   21   1.18231500347074636      141        141
   22   1.17703022911735178      142        142
   23   1.17157821605872825      122        122
   24   1.16597493506593630      120        120
   25   1.16022915347571898      144        144
   26   1.15435450419957530      108        108
   27   1.14837061075129077       99         99
   28   1.14228282223118649      100        100
   29   1.13610474206514089      101        101
   30   1.12985841020374611      102        102
   31   1.12354616997172685      103        103
   32   1.11718116930693423      104        104
   33   1.11078655965797934      105        105
   34   1.10436227318090907      106        106
   35   1.09792063567245779      107        107
   36   1.09148465093205571      109        109
   37   1.08505252478297609      119        119
   38   1.07863546473258665      110        110
   39   1.07225521317165406      111        111
   40   1.06590893588618596      112        112
   41   1.05960650254061672      113        113
   42   1.05336750147864788      114        114
   43   1.04718867111076985      115        115
   44   1.04107840178388455      116        116
   45   1.03505350281031339      117        117
   46   1.02911077012681607      118        118
   47   1.02325704881953561      143        143
   48   1.01750602780078392      145        145
   49   1.01185488795512146       98         98
   50   1.00630893274126199      146        146
   51   1.00087866062929343      181        181
   52  0.995561801720593387      172        172
   53  0.990362182360719379      173        173
   54  0.985287276594409289      174        174
   55  0.980335379712336530      175        175
   56  0.975508955628673013      176        176
   57  0.970812804957235209      177        177
   58  0.966245685589572356      178        178
   59  0.961808851913146134      179        179
   60  0.957504908045402225      180        180
   61  0.953332891369153335      182        182
   62  0.949293025525437373      170        170
   63  0.945386261436928943      183        183
   64  0.941611692326707383      184        184
   65  0.937968703810599602      185        185
   66  0.934457149263288378      186        186
   67  0.931075950211706860      187        187
   68  0.927823850112728055      188        188
   69  0.924700128522172426      189        189
   70  0.921703333545741743      190        190
   71  0.918831756397257116      191        191
   72  0.916084562286742288      171        171
   73  0.913459770864426424      169        169
   74  0.910955398014970164      147        147
   75  0.908570869702733375      157        157
   76  0.906303580587761726      148        148
   77  0.904151430235351494      149        149
   78  0.902114387036829668      150        150
   79  0.900189186328290702      151        151
   80  0.898373749594796656      152        152
   81  0.896668775818658004      153        153
   82  0.895070366174661847      154        154
   83  0.893576580417757005      155        155
   84  0.892188949178080337      156        156
   85  0.890903016991735575      158        158
   86  0.889717076575794019      168        168
   87  0.888633514593080265      159        159
   88  0.887647439124870652      160        160
   89  0.886757450018944571      161        161
   90  0.885966750061682462      162        162
   91  0.885270162974381769      163        163
   92  0.884666650978544356      164        164
   93  0.884160141546109779      165        165
   94  0.883745347266181924      166        166
   95  0.883421630721941908      167        167
   96  0.883193513290537524        2          2
   97  0.883055780499823917       97         97
   98   0.00000000000000000       96         96
   99   0.00000000000000000       95         95
  100   0.00000000000000000       94         94
  101   0.00000000000000000       93         93
  102   0.00000000000000000       92         92
  103   0.00000000000000000       91         91
  104   0.00000000000000000       90         90
  105   0.00000000000000000       89         89
  106   0.00000000000000000       88         88
  107   0.00000000000000000       87         87
  108   0.00000000000000000       86         86
  109   0.00000000000000000       85         85
  110   0.00000000000000000       84         84
  111   0.00000000000000000       83         83
  112   0.00000000000000000       82         82
  113   0.00000000000000000       81         81
  114   0.00000000000000000       80         80
  115   0.00000000000000000       79         79
  116   0.00000000000000000       78         78
  117   0.00000000000000000       77         77
  118   0.00000000000000000       76         76
  119   0.00000000000000000       75         75
  120   0.00000000000000000       74         74
  121   0.00000000000000000       73         73
  122   0.00000000000000000       72         72
  123   0.00000000000000000       71         71
  124   0.00000000000000000       70         70
  125   0.00000000000000000       69         69
  126   0.00000000000000000       68         68
  127   0.00000000000000000       67         67
  128   0.00000000000000000       66         66
  129   0.00000000000000000       65         65
  130   0.00000000000000000       64         64
  131   0.00000000000000000       63         63
  132   0.00000000000000000       62         62
  133   0.00000000000000000       61         61
  134   0.00000000000000000       60         60
  135   0.00000000000000000       59         59
  136   0.00000000000000000       58         58
  137   0.00000000000000000       57         57
  138   0.00000000000000000       56         56
  139   0.00000000000000000       55         55
  140   0.00000000000000000       54         54
  141   0.00000000000000000       53         53
  142   0.00000000000000000       52         52
  143   0.00000000000000000       51         51
  144   0.00000000000000000       50         50
  145   0.00000000000000000       49         49
  146   0.00000000000000000       48         48
  147   0.00000000000000000       47         47
  148   0.00000000000000000       46         46
  149   0.00000000000000000       45         45
  150   0.00000000000000000       44         44
  151   0.00000000000000000       43         43
  152   0.00000000000000000       42         42
  153   0.00000000000000000       41         41
  154   0.00000000000000000       40         40
  155   0.00000000000000000       39         39
  156   0.00000000000000000       38         38
  157   0.00000000000000000       37         37
  158   0.00000000000000000       36         36
  159   0.00000000000000000       35         35
  160   0.00000000000000000       34         34
  161   0.00000000000000000       33         33
  162   0.00000000000000000       32         32
  163   0.00000000000000000       31         31
  164   0.00000000000000000       30         30
  165   0.00000000000000000       29         29
  166   0.00000000000000000       28         28
  167   0.00000000000000000       27         27
  168   0.00000000000000000       26         26
  169   0.00000000000000000       25         25
  170   0.00000000000000000       24         24
  171   0.00000000000000000       23         23
  172   0.00000000000000000       22         22
  173   0.00000000000000000       21         21
  174   0.00000000000000000       20         20
  175   0.00000000000000000       19         19
  176   0.00000000000000000       18         18
  177   0.00000000000000000       17         17
  178   0.00000000000000000       16         16
  179   0.00000000000000000       15         15
  180   0.00000000000000000       14         14
  181   0.00000000000000000       13         13
  182   0.00000000000000000       12         12
  183   0.00000000000000000       11         11
  184   0.00000000000000000       10         10
  185   0.00000000000000000        9          9
  186   0.00000000000000000        8          8
  187   0.00000000000000000        7          7
  188   0.00000000000000000        6          6
  189   0.00000000000000000        5          5
  190   0.00000000000000000        4          4
  191   0.00000000000000000        3          3
  192   0.00000000000000000        1          1
#gg4metrics - thetares alambdares
    1  0.200000000000000000E+21  0.257043386196914982E-03
    2  0.100000000000000000E+21  0.112086093791433398E-03
    3  0.165518378999905957E-01  0.193053194838570675E-03
    4  0.165518378999887639E-01  0.536625088638129923E-03
    5  0.165482286130967382E-01  0.581596198893348710E-03
    6  0.165446208999426303E-01  0.820764060817359047E-03
    7  0.165446208999433519E-01  0.118737635818837932E-02
    8  0.165375350054144978E-01  0.107068777413889802E-02
    9  0.165304551779225650E-01  0.135150632422615887E-02
   10  0.165304551779226205E-01  0.172293768374493514E-02
   11  0.165201553289934834E-01  0.149631988902370933E-02
   12  0.165098683073974795E-01  0.173677787497114296E-02
   13  0.165098683073972574E-01  0.220116280280625550E-02
   14  0.164967383962391495E-01  0.188200594476123557E-02
   15  0.164836293523069055E-01  0.212783652957871392E-02
   16  0.164836293523067390E-01  0.263943317099741464E-02
   17  0.164681614637079664E-01  0.223682486097462590E-02
   18  0.164527225773721808E-01  0.258206907610309322E-02
   19  0.164527225773719032E-01  0.304551281736827007E-02
   20  0.164354998881251144E-01  0.256512635543249034E-02
   21  0.164183132185517500E-01  0.293227615220420469E-02
   22  0.164183132185517500E-01  0.342325736791111029E-02
   23  0.163999892340958922E-01  0.286903378055882504E-02
   24  0.163817061057348612E-01  0.325779358354384360E-02
   25  0.163817061057348057E-01  0.377453518033973520E-02
   26  0.163629807821214397E-01  0.314942791228361779E-02
   27  0.163442982180838081E-01  0.355942095020190348E-02
   28  0.163442982180837526E-01  0.410007713751404761E-02
   29  0.163258916902342816E-01  0.340643009108370677E-02
   30  0.163075265736641328E-01  0.383724643249608354E-02
   31  0.163075265736641328E-01  0.439993180404998126E-02
   32  0.162901513886057198E-01  0.363968750757602804E-02
   33  0.162728131896268113E-01  0.409092294944054819E-02
   34  0.162728131896267003E-01  0.467375331747392746E-02
   35  0.162571461085061729E-01  0.384857111524962350E-02
   36  0.162415091661622102E-01  0.421701270193841106E-02
   37  0.162415091661624045E-01  0.492101197558768733E-02
   38  0.162281637294420661E-01  0.403233084069274175E-02
   39  0.162148402062591013E-01  0.452341789396122976E-02
   40  0.162148402062592401E-01  0.514116516592444481E-02
   41  0.162043413291410796E-01  0.419022932124107038E-02
   42  0.161938560389710551E-01  0.470098028118071977E-02
   43  0.161938560389710828E-01  0.533380384232839174E-02
   44  0.161866178974728638E-01  0.432165500108908779E-02
   45  0.161793862235245500E-01  0.458986456065847963E-02
   46  0.161793862235243280E-01  0.549877786207565288E-02
   47  0.161756945914584491E-01  0.442621476659476459E-02
   48  0.161720046436392151E-01  0.497678042006567418E-02
   49  0.161720046436392983E-01  0.563629751811479084E-02
   50  0.161720046436394926E-01  0.450380617644533226E-02
   51  0.161720046436394926E-01  0.507513407327030673E-02
   52  0.161720046436394926E-01  0.574700787449256706E-02
   53  0.161756945914586434E-01  0.455464983769963711E-02
   54  0.161793862235243557E-01  0.481573525513903037E-02
   55  0.161793862235243280E-01  0.583203036216156049E-02
   56  0.161866178974727527E-01  0.457928799432021257E-02
   57  0.161938560389709996E-01  0.483767144433731432E-02
   58  0.161938560389709441E-01  0.589296944897148116E-02
   59  0.162043413291409130E-01  0.457853580908611137E-02
   60  0.162148402062594066E-01  0.483434538613724488E-02
   61  0.162148402062595454E-01  0.593188388176753810E-02
   62  0.162281637294419828E-01  0.455338151590832258E-02
   63  0.162415091661619326E-01  0.522488451302756916E-02
   64  0.162415091661620437E-01  0.595122414089925382E-02
   65  0.162571461085065580E-01  0.450483498574064285E-02
   66  0.162728131896270334E-01  0.475642964209128764E-02
   67  0.162728131896265893E-01  0.595374241525891811E-02
   68  0.162901513886059557E-01  0.443368702880944394E-02
   69  0.163075265736642161E-01  0.468379370262646168E-02
   70  0.163075265736637581E-01  0.594237587131635735E-02
   71  0.163258916902342538E-01  0.434019448732837071E-02
   72  0.163442982180835444E-01  0.458919869291544730E-02
   73  0.163442982180838775E-01  0.592010937324271777E-02
   74  0.163629807821214571E-01  0.422358907256836086E-02
   75  0.163817061057346114E-01  0.506792801383537401E-02
   76  0.163817061057349722E-01  0.588980943810314510E-02
   77  0.163999892340959338E-01  0.408132451720381439E-02
   78  0.164183132185518332E-01  0.432835799506896182E-02
   79  0.164183132185518332E-01  0.585400921771257743E-02
   80  0.164354998881251282E-01  0.390776128446083861E-02
   81  0.164527225773728886E-01  0.490779431477348076E-02
   82  0.164527225773725486E-01  0.581457170331583194E-02
   83  0.164681614637071753E-01  0.369167182496295222E-02
   84  0.164836293523061353E-01  0.480590314418055664E-02
   85  0.164836293523058022E-01  0.577201844397365327E-02
   86  0.164967383962385979E-01  0.341082606655123506E-02
   87  0.165098683073979444E-01  0.364097965584145832E-02
   88  0.165098683073979444E-01  0.572376229580563289E-02
   89  0.165201553289939553E-01  0.301839682647847421E-02
   90  0.165304551779224679E-01  0.451522658854707111E-02
   91  0.165304551779224471E-01  0.565774162869693564E-02
   92  0.165375350054156219E-01  0.240099978570870471E-02
   93  0.165446208999420440E-01  0.425197408819771687E-02
   94  0.165446208999420405E-01  0.551496510862740236E-02
   95  0.165482286131008634E-01  0.119962531413721272E-02
   96  0.165518378999874316E-01  0.357337691757145465E-02
   97  0.165518378999886459E-01  0.362048977035131199E-02
   98   0.00000000000000000       0.00000000000000000    
   99   0.00000000000000000       0.00000000000000000    
  100   0.00000000000000000       0.00000000000000000    
  101   0.00000000000000000       0.00000000000000000    
  102   0.00000000000000000       0.00000000000000000    
  103   0.00000000000000000       0.00000000000000000    
  104   0.00000000000000000       0.00000000000000000    
  105   0.00000000000000000       0.00000000000000000    
  106   0.00000000000000000       0.00000000000000000    
  107   0.00000000000000000       0.00000000000000000    
  108   0.00000000000000000       0.00000000000000000    
  109   0.00000000000000000       0.00000000000000000    
  110   0.00000000000000000       0.00000000000000000    
  111   0.00000000000000000       0.00000000000000000    
  112   0.00000000000000000       0.00000000000000000    
  113   0.00000000000000000       0.00000000000000000    
  114   0.00000000000000000       0.00000000000000000    
  115   0.00000000000000000       0.00000000000000000    
  116   0.00000000000000000       0.00000000000000000    
  117   0.00000000000000000       0.00000000000000000    
  118   0.00000000000000000       0.00000000000000000    
  119   0.00000000000000000       0.00000000000000000    
  120   0.00000000000000000       0.00000000000000000    
  121   0.00000000000000000       0.00000000000000000    
  122   0.00000000000000000       0.00000000000000000    
  123   0.00000000000000000       0.00000000000000000    
  124   0.00000000000000000       0.00000000000000000    
  125   0.00000000000000000       0.00000000000000000    
  126   0.00000000000000000       0.00000000000000000    
  127   0.00000000000000000       0.00000000000000000    
  128   0.00000000000000000       0.00000000000000000    
  129   0.00000000000000000       0.00000000000000000    
  130   0.00000000000000000       0.00000000000000000    
  131   0.00000000000000000       0.00000000000000000    
  132   0.00000000000000000       0.00000000000000000    
  133   0.00000000000000000       0.00000000000000000    
  134   0.00000000000000000       0.00000000000000000    
  135   0.00000000000000000       0.00000000000000000    
  136   0.00000000000000000       0.00000000000000000    
  137   0.00000000000000000       0.00000000000000000    
  138   0.00000000000000000       0.00000000000000000    
  139   0.00000000000000000       0.00000000000000000    
  140   0.00000000000000000       0.00000000000000000    
  141   0.00000000000000000       0.00000000000000000    
  142   0.00000000000000000       0.00000000000000000    
  143   0.00000000000000000       0.00000000000000000    
  144   0.00000000000000000       0.00000000000000000    
  145   0.00000000000000000       0.00000000000000000    
  146   0.00000000000000000       0.00000000000000000    
  147   0.00000000000000000       0.00000000000000000    
  148   0.00000000000000000       0.00000000000000000    
  149   0.00000000000000000       0.00000000000000000    
  150   0.00000000000000000       0.00000000000000000    
  151   0.00000000000000000       0.00000000000000000    
  152   0.00000000000000000       0.00000000000000000    
  153   0.00000000000000000       0.00000000000000000    
  154   0.00000000000000000       0.00000000000000000    
  155   0.00000000000000000       0.00000000000000000    
  156   0.00000000000000000       0.00000000000000000    
  157   0.00000000000000000       0.00000000000000000    
  158   0.00000000000000000       0.00000000000000000    
  159   0.00000000000000000       0.00000000000000000    
  160   0.00000000000000000       0.00000000000000000    
  161   0.00000000000000000       0.00000000000000000    
  162   0.00000000000000000       0.00000000000000000    
  163   0.00000000000000000       0.00000000000000000    
  164   0.00000000000000000       0.00000000000000000    
  165   0.00000000000000000       0.00000000000000000    
  166   0.00000000000000000       0.00000000000000000    
  167   0.00000000000000000       0.00000000000000000    
  168   0.00000000000000000       0.00000000000000000    
  169   0.00000000000000000       0.00000000000000000    
  170   0.00000000000000000       0.00000000000000000    
  171   0.00000000000000000       0.00000000000000000    
  172   0.00000000000000000       0.00000000000000000    
  173   0.00000000000000000       0.00000000000000000    
  174   0.00000000000000000       0.00000000000000000    
  175   0.00000000000000000       0.00000000000000000    
  176   0.00000000000000000       0.00000000000000000    
  177   0.00000000000000000       0.00000000000000000    
  178   0.00000000000000000       0.00000000000000000    
  179   0.00000000000000000       0.00000000000000000    
  180   0.00000000000000000       0.00000000000000000    
  181   0.00000000000000000       0.00000000000000000    
  182   0.00000000000000000       0.00000000000000000    
  183   0.00000000000000000       0.00000000000000000    
  184   0.00000000000000000       0.00000000000000000    
  185   0.00000000000000000       0.00000000000000000    
  186   0.00000000000000000       0.00000000000000000    
  187   0.00000000000000000       0.00000000000000000    
  188   0.00000000000000000       0.00000000000000000    
  189   0.00000000000000000       0.00000000000000000    
  190   0.00000000000000000       0.00000000000000000    
  191   0.00000000000000000       0.00000000000000000    
  192   0.00000000000000000       0.00000000000000000    
#gg4results - output grid - thetagrid thetagrid
    1  -3.14159265358979312       1.23621150443333572    
    2  -3.07538530198983073       1.23555517148350136    
    3  -2.97610314259007946       1.23216286626086213    
    4  -2.87689208007850272       1.22595414240908362    
    5  -2.77779169649306645       1.21708854257217913    
    6  -2.67883744246904598       1.20578893980206203    
    7  -2.58005929345494556       1.19233092228228532    
    8  -2.48148059542599420       1.17703022911735178    
    9  -2.38311714456595158       1.16022915347571898    
   10  -2.28497653948214685       1.14228282223118649    
   11  -2.18705783675132270       1.12354616997172685    
   12  -2.08935153084548775       1.10436227318090907    
   13  -1.99183986780158495       1.08505252478297609    
   14  -1.89449748864422340       1.06590893588618596    
   15  -1.79729238407582104       1.04718867111076985    
   16  -1.70018712710378161       1.02911077012681607    
   17  -1.60314033608217521       1.01185488795512146    
   18  -1.47376429893305971      0.990362182360719379    
   19  -1.34430026951397141      0.970812804957235209    
   20  -1.21466548453305045      0.953332891369153335    
   21  -1.08478674912355855      0.937968703810599602    
   22 -0.954534816838469635      0.924700128522172426    
   23 -0.823927517671478093      0.913459770864426424    
   24 -0.692948684600902420      0.904151430235351494    
   25 -0.561533360134846782      0.896668775818658004    
   26 -0.495722469825359002      0.893576580417757005    
   27 -0.429787952416133989      0.890903016991735575    
   28 -0.363800957096726052      0.888633514593080265    
   29 -0.297761483867135301      0.886757450018944571    
   30 -0.231639663155443598      0.885270162974381769    
   31 -0.165489510999712680      0.884160141546109779    
   32 -0.993110273999425891E-01  0.883421630721941908    
   33  0.561209856876280349E-15  0.883008217452382449    
   34  0.993110273999437132E-01  0.883421630721941908    
   35  0.165489510999709960      0.884160141546109779    
   36  0.231639663155448372      0.885270162974381769    
   37  0.297761483867136412      0.886757450018944571    
   38  0.363800957096729216      0.888633514593080265    
   39  0.429787952416133101      0.890903016991735575    
   40  0.495722469825357170      0.893576580417757005    
   41  0.561533360134849779      0.896668775818658004    
   42  0.692948684600903531      0.904151430235351494    
   43  0.823927517671481979      0.913459770864426424    
   44  0.954534816838468858      0.924700128522172426    
   45   1.08478674912356121      0.937968703810599602    
   46   1.21466548453305068      0.953332891369153335    
   47   1.34430026951397252      0.970812804957235209    
   48   1.47376429893306060      0.990362182360719379    
   49   1.60314033608217699       1.01185488795512146    
   50   1.70018712710378073       1.02911077012681607    
   51   1.79729238407582192       1.04718867111076985    
   52   1.89449748864422540       1.06590893588618596    
   53   1.99183986780158606       1.08505252478297609    
   54   2.08935153084548730       1.10436227318090907    
   55   2.18705783675132270       1.12354616997172685    
   56   2.28497653948214685       1.14228282223118649    
   57   2.38311714456595114       1.16022915347571898    
   58   2.48148059542599597       1.17703022911735178    
   59   2.58005929345494467       1.19233092228228532    
   60   2.67883744246904865       1.20578893980206203    
   61   2.77779169649307134       1.21708854257217913    
   62   2.87689208007850583       1.22595414240908362    
   63   2.97610314259007946       1.23216286626086213    
   64   3.07538530198982318       1.23555517148350136    
   65   3.14159265358979312       1.23621150443333572    
#gg4results - output 1/lambda - bset bset
    1   1.23621150443333572       1.23621150443333572    
    2   1.23555517148350136       1.23555517148350136    
    3   1.23216286626086213       1.23216286626086213    
    4   1.22595414240908362       1.22595414240908362    
    5   1.21708854257217913       1.21708854257217913    
    6   1.20578893980206203       1.20578893980206203    
    7   1.19233092228228532       1.19233092228228532    
    8   1.17703022911735178       1.17703022911735178    
    9   1.16022915347571898       1.16022915347571898    
   10   1.14228282223118649       1.14228282223118649    
   11   1.12354616997172685       1.12354616997172685    
   12   1.10436227318090907       1.10436227318090907    
   13   1.08505252478297609       1.08505252478297609    
   14   1.06590893588618596       1.06590893588618596    
   15   1.04718867111076985       1.04718867111076985    
   16   1.02911077012681607       1.02911077012681607    
   17   1.01185488795512146       1.01185488795512146    
   18  0.990362182360719379      0.990362182360719379    
   19  0.970812804957235209      0.970812804957235209    
   20  0.953332891369153335      0.953332891369153335    
   21  0.937968703810599602      0.937968703810599602    
   22  0.924700128522172426      0.924700128522172426    
   23  0.913459770864426424      0.913459770864426424    
   24  0.904151430235351494      0.904151430235351494    
   25  0.896668775818658004      0.896668775818658004    
   26  0.893576580417757005      0.893576580417757005    
   27  0.890903016991735575      0.890903016991735575    
   28  0.888633514593080265      0.888633514593080265    
   29  0.886757450018944571      0.886757450018944571    
   30  0.885270162974381769      0.885270162974381769    
   31  0.884160141546109779      0.884160141546109779    
   32  0.883421630721941908      0.883421630721941908    
   33  0.883008217452382449      0.883008217452382449    
