 nbmag=          65
 thetain,bmagin=
  -3.1415926535897931        1.2300033204595815     
  -3.0425250958586352        1.2286065338844374     
  -2.9434916224713508        1.2244515263659814     
  -2.8445250417070516        1.2176425858458535     
  -2.7456556537680266        1.2083477808283638     
  -2.6469101058880002        1.1967908512480567     
  -2.5483103756044634        1.1832408032921651     
  -2.4498729200805665        1.1680000096355014     
  -2.3516080249516604        1.1513916673711804     
  -2.2535193804022842        1.1337474282728364     
  -2.1556039049926228        1.1153959064576715     
  -2.0578518291800627        1.0966526110032857     
  -1.9602470406815991        1.0778116715434984     
  -1.8627676831125513        1.0591395466069080     
  -1.7653869881964177        1.0408707451109380     
  -1.6680743108963354        1.0232054618678823     
  -1.5707963267948963        1.0063089327412620     
  -1.4735183426934568       0.99031225378599841     
  -1.3762056653933743       0.97531437763742057     
  -1.2788249704772408       0.96138499423634083     
  -1.1813456129081934       0.94856801586791573     
  -1.0837408244097295       0.93688541289074623     
 -0.98598874859716990       0.92634118150375588     
 -0.88807327318750828       0.91692526424740006     
 -0.78998462863813224       0.90861728420985677     
 -0.69171973350922655       0.90138999236386108     
 -0.59328227798532984       0.89521236203198695     
 -0.49468254770179243       0.89005229375798600     
 -0.39593699982176633       0.88587891705890587     
 -0.29706761188274200       0.88266449241118328     
 -0.19810103111844302       0.88038592761498990     
  -9.9067557731158426E-002  0.87902592797151069     
  -8.5621862059783793E-016  0.87857380032827226     
   9.9067557731156705E-002  0.87902592797151069     
  0.19810103111844182       0.88038592761498990     
  0.29706761188274028       0.88266449241118328     
  0.39593699982176511       0.88587891705890587     
  0.49468254770179121       0.89005229375798600     
  0.59328227798532862       0.89521236203198695     
  0.69171973350922533       0.90138999236386108     
  0.78998462863813113       0.90861728420985666     
  0.88807327318750784       0.91692526424740006     
  0.98598874859716945       0.92634118150375588     
   1.0837408244097289       0.93688541289074634     
   1.1813456129081927       0.94856801586791573     
   1.2788249704772403       0.96138499423634083     
   1.3762056653933743       0.97531437763742057     
   1.4735183426934573       0.99031225378599841     
   1.5707963267948966        1.0063089327412620     
   1.6680743108963350        1.0232054618678823     
   1.7653869881964184        1.0408707451109380     
   1.8627676831125521        1.0591395466069080     
   1.9602470406815993        1.0778116715434984     
   2.0578518291800627        1.0966526110032857     
   2.1556039049926232        1.1153959064576715     
   2.2535193804022842        1.1337474282728364     
   2.3516080249516613        1.1513916673711804     
   2.4498729200805673        1.1680000096355014     
   2.5483103756044638        1.1832408032921651     
   2.6469101058879998        1.1967908512480570     
   2.7456556537680270        1.2083477808283638     
   2.8445250417070524        1.2176425858458535     
   2.9434916224713517        1.2244515263659814     
   3.0425250958586361        1.2286065338844374     
   3.1415926535897936        1.2300033204595815     
 alknob=   0.0000000000000000     
 epsknob=   1.0000000000000001E-005
 bpknob=   1.0000000000000000E-008
 extrknob=   0.0000000000000000     
 thetamax=   0.0000000000000000     
 deltaw,widthw=   0.0000000000000000        1.0000000000000000     
 tension=   1.0000000000000000     
 ntheta,nlambda=          64          33
#gg4init - input grid - thetain bmagin 
    1  -3.14159265358979312       1.23000332045958150    
    2  -3.04252509585863518       1.22860653388443741    
    3  -2.94349162247135077       1.22445152636598142    
    4  -2.84452504170705156       1.21764258584585350    
    5  -2.74565565376802656       1.20834778082836380    
    6  -2.64691010588800024       1.19679085124805673    
    7  -2.54831037560446338       1.18324080329216508    
    8  -2.44987292008056645       1.16800000963550143    
    9  -2.35160802495166044       1.15139166737118037    
   10  -2.25351938040228417       1.13374742827283637    
   11  -2.15560390499262278       1.11539590645767150    
   12  -2.05785182918006271       1.09665261100328570    
   13  -1.96024704068159905       1.07781167154349844    
   14  -1.86276768311255125       1.05913954660690801    
   15  -1.76538698819641771       1.04087074511093802    
   16  -1.66807431089633540       1.02320546186788230    
   17  -1.57079632679489634       1.00630893274126199    
   18  -1.47351834269345683      0.990312253785998409    
   19  -1.37620566539337430      0.975314377637420571    
   20  -1.27882497047724075      0.961384994236340829    
   21  -1.18134561290819340      0.948568015867915726    
   22  -1.08374082440972952      0.936885412890746228    
   23 -0.985988748597169895      0.926341181503755884    
   24 -0.888073273187508283      0.916925264247400063    
   25 -0.789984628638132236      0.908617284209856768    
   26 -0.691719733509226553      0.901389992363861081    
   27 -0.593282277985329842      0.895212362031986952    
   28 -0.494682547701792430      0.890052293757986002    
   29 -0.395936999821766333      0.885878917058905868    
   30 -0.297067611882742000      0.882664492411183277    
   31 -0.198101031118443016      0.880385927614989905    
   32 -0.990675577311584260E-01  0.879025927971510690    
   33 -0.856218620597837931E-15  0.878573800328272259    
   34  0.990675577311567052E-01  0.879025927971510690    
   35  0.198101031118441823      0.880385927614989905    
   36  0.297067611882740279      0.882664492411183277    
   37  0.395936999821765112      0.885878917058905868    
   38  0.494682547701791209      0.890052293757986002    
   39  0.593282277985328621      0.895212362031986952    
   40  0.691719733509225332      0.901389992363861081    
   41  0.789984628638131126      0.908617284209856657    
   42  0.888073273187507839      0.916925264247400063    
   43  0.985988748597169451      0.926341181503755884    
   44   1.08374082440972885      0.936885412890746339    
   45   1.18134561290819273      0.948568015867915726    
   46   1.27882497047724031      0.961384994236340829    
   47   1.37620566539337430      0.975314377637420571    
   48   1.47351834269345727      0.990312253785998409    
   49   1.57079632679489656       1.00630893274126199    
   50   1.66807431089633496       1.02320546186788230    
   51   1.76538698819641837       1.04087074511093802    
   52   1.86276768311255214       1.05913954660690801    
   53   1.96024704068159927       1.07781167154349844    
   54   2.05785182918006271       1.09665261100328570    
   55   2.15560390499262322       1.11539590645767150    
   56   2.25351938040228417       1.13374742827283637    
   57   2.35160802495166132       1.15139166737118037    
   58   2.44987292008056734       1.16800000963550143    
   59   2.54831037560446383       1.18324080329216508    
   60   2.64691010588799980       1.19679085124805695    
   61   2.74565565376802700       1.20834778082836380    
   62   2.84452504170705245       1.21764258584585350    
   63   2.94349162247135165       1.22445152636598142    
   64   3.04252509585863606       1.22860653388443741    
   65   3.14159265358979356       1.23000332045958150    
#gg4start - starting grid - thetastart thetastart
    1  -3.14159265358979312      -3.14159265358979312    
    2 -0.856218620597837931E-15 -0.856218620597837931E-15
    3  -3.10857013434607365      -3.10857013434607365    
    4  -3.07554761510235464      -3.07554761510235464    
    5  -3.04252509585863518      -3.04252509585863518    
    6  -3.00951393806287371      -3.00951393806287371    
    7  -2.97650278026711224      -2.97650278026711224    
    8  -2.94349162247135077      -2.94349162247135077    
    9  -2.91050276221658422      -2.91050276221658422    
   10  -2.87751390196181811      -2.87751390196181811    
   11  -2.84452504170705156      -2.84452504170705156    
   12  -2.81156857906070989      -2.81156857906070989    
   13  -2.77861211641436823      -2.77861211641436823    
   14  -2.74565565376802656      -2.74565565376802656    
   15  -2.71274047114135097      -2.71274047114135097    
   16  -2.67982528851467583      -2.67982528851467583    
   17  -2.64691010588800024      -2.64691010588800024    
   18  -2.61404352912682114      -2.61404352912682114    
   19  -2.58117695236564249      -2.58117695236564249    
   20  -2.54831037560446338      -2.54831037560446338    
   21  -2.51549789042983107      -2.51549789042983107    
   22  -2.48268540525519876      -2.48268540525519876    
   23  -2.44987292008056645      -2.44987292008056645    
   24  -2.41711795503759763      -2.41711795503759763    
   25  -2.38436298999462926      -2.38436298999462926    
   26  -2.35160802495166044      -2.35160802495166044    
   27  -2.31891181010186820      -2.31891181010186820    
   28  -2.28621559525207640      -2.28621559525207640    
   29  -2.25351938040228417      -2.25351938040228417    
   30  -2.22088088859906385      -2.22088088859906385    
   31  -2.18824239679584309      -2.18824239679584309    
   32  -2.15560390499262278      -2.15560390499262278    
   33  -2.12301987972176942      -2.12301987972176942    
   34  -2.09043585445091606      -2.09043585445091606    
   35  -2.05785182918006271      -2.05785182918006271    
   36  -2.02531689968057460      -2.02531689968057460    
   37  -1.99278197018108694      -1.99278197018108694    
   38  -1.96024704068159905      -1.96024704068159905    
   39  -1.92775392149191638      -1.92775392149191638    
   40  -1.89526080230223393      -1.89526080230223393    
   41  -1.86276768311255125      -1.86276768311255125    
   42  -1.83030745147384000      -1.83030745147384000    
   43  -1.79784721983512896      -1.79784721983512896    
   44  -1.76538698819641771      -1.76538698819641771    
   45  -1.73294942909639027      -1.73294942909639027    
   46  -1.70051186999636283      -1.70051186999636283    
   47  -1.66807431089633540      -1.66807431089633540    
   48  -1.63564831619585571      -1.63564831619585571    
   49  -1.60322232149537602      -1.60322232149537602    
   50  -1.57079632679489634      -1.57079632679489634    
   51  -1.53837033209441643      -1.53837033209441643    
   52  -1.50594433739393674      -1.50594433739393674    
   53  -1.47351834269345683      -1.47351834269345683    
   54  -1.44108078359342939      -1.44108078359342939    
   55  -1.40864322449340174      -1.40864322449340174    
   56  -1.37620566539337430      -1.37620566539337430    
   57  -1.34374543375466304      -1.34374543375466304    
   58  -1.31128520211595201      -1.31128520211595201    
   59  -1.27882497047724075      -1.27882497047724075    
   60  -1.24633185128755830      -1.24633185128755830    
   61  -1.21383873209787585      -1.21383873209787585    
   62  -1.18134561290819340      -1.18134561290819340    
   63  -1.14881068340870551      -1.14881068340870551    
   64  -1.11627575390921741      -1.11627575390921741    
   65  -1.08374082440972952      -1.08374082440972952    
   66  -1.05115679913887639      -1.05115679913887639    
   67  -1.01857277386802303      -1.01857277386802303    
   68 -0.985988748597169895     -0.985988748597169895    
   69 -0.953350256793949358     -0.953350256793949358    
   70 -0.920711764990728820     -0.920711764990728820    
   71 -0.888073273187508283     -0.888073273187508283    
   72 -0.855377058337716267     -0.855377058337716267    
   73 -0.822680843487924252     -0.822680843487924252    
   74 -0.789984628638132236     -0.789984628638132236    
   75 -0.757229663595163638     -0.757229663595163638    
   76 -0.724474698552195151     -0.724474698552195151    
   77 -0.691719733509226553     -0.691719733509226553    
   78 -0.658907248334594353     -0.658907248334594353    
   79 -0.626094763159962042     -0.626094763159962042    
   80 -0.593282277985329842     -0.593282277985329842    
   81 -0.560415701224150742     -0.560415701224150742    
   82 -0.527549124462971530     -0.527549124462971530    
   83 -0.494682547701792430     -0.494682547701792430    
   84 -0.461767365075117064     -0.461767365075117064    
   85 -0.428852182448441699     -0.428852182448441699    
   86 -0.395936999821766333     -0.395936999821766333    
   87 -0.362980537175424889     -0.362980537175424889    
   88 -0.330024074529083444     -0.330024074529083444    
   89 -0.297067611882742000     -0.297067611882742000    
   90 -0.264078751627975672     -0.264078751627975672    
   91 -0.231089891373209344     -0.231089891373209344    
   92 -0.198101031118443016     -0.198101031118443016    
   93 -0.165089873322681491     -0.165089873322681491    
   94 -0.132078715526919965     -0.132078715526919965    
   95 -0.990675577311584260E-01 -0.990675577311584260E-01
   96 -0.660450384874392282E-01 -0.660450384874392282E-01
   97 -0.330225192437200443E-01 -0.330225192437200443E-01
   98  0.330225192437183374E-01  0.330225192437183374E-01
   99  0.660450384874375213E-01  0.660450384874375213E-01
  100  0.990675577311567052E-01  0.990675577311567052E-01
  101  0.132078715526918411      0.132078715526918411    
  102  0.165089873322680103      0.165089873322680103    
  103  0.198101031118441823      0.198101031118441823    
  104  0.231089891373207984      0.231089891373207984    
  105  0.264078751627974118      0.264078751627974118    
  106  0.297067611882740279      0.297067611882740279    
  107  0.330024074529081890      0.330024074529081890    
  108  0.362980537175423501      0.362980537175423501    
  109  0.395936999821765112      0.395936999821765112    
  110  0.428852182448440478      0.428852182448440478    
  111  0.461767365075115843      0.461767365075115843    
  112  0.494682547701791209      0.494682547701791209    
  113  0.527549124462970309      0.527549124462970309    
  114  0.560415701224149521      0.560415701224149521    
  115  0.593282277985328621      0.593282277985328621    
  116  0.626094763159960821      0.626094763159960821    
  117  0.658907248334593132      0.658907248334593132    
  118  0.691719733509225332      0.691719733509225332    
  119  0.724474698552193930      0.724474698552193930    
  120  0.757229663595162528      0.757229663595162528    
  121  0.789984628638131126      0.789984628638131126    
  122  0.822680843487923363      0.822680843487923363    
  123  0.855377058337715601      0.855377058337715601    
  124  0.888073273187507839      0.888073273187507839    
  125  0.920711764990728376      0.920711764990728376    
  126  0.953350256793948914      0.953350256793948914    
  127  0.985988748597169451      0.985988748597169451    
  128   1.01857277386802259       1.01857277386802259    
  129   1.05115679913887572       1.05115679913887572    
  130   1.08374082440972885       1.08374082440972885    
  131   1.11627575390921674       1.11627575390921674    
  132   1.14881068340870485       1.14881068340870485    
  133   1.18134561290819273       1.18134561290819273    
  134   1.21383873209787518       1.21383873209787518    
  135   1.24633185128755786       1.24633185128755786    
  136   1.27882497047724031       1.27882497047724031    
  137   1.31128520211595156       1.31128520211595156    
  138   1.34374543375466304       1.34374543375466304    
  139   1.37620566539337430       1.37620566539337430    
  140   1.40864322449340196       1.40864322449340196    
  141   1.44108078359342962       1.44108078359342962    
  142   1.47351834269345727       1.47351834269345727    
  143   1.50594433739393696       1.50594433739393696    
  144   1.53837033209441687       1.53837033209441687    
  145   1.57079632679489656       1.57079632679489656    
  146   1.60322232149537602       1.60322232149537602    
  147   1.63564831619585549       1.63564831619585549    
  148   1.66807431089633496       1.66807431089633496    
  149   1.70051186999636283       1.70051186999636283    
  150   1.73294942909639049       1.73294942909639049    
  151   1.76538698819641837       1.76538698819641837    
  152   1.79784721983512963       1.79784721983512963    
  153   1.83030745147384089       1.83030745147384089    
  154   1.86276768311255214       1.86276768311255214    
  155   1.89526080230223459       1.89526080230223459    
  156   1.92775392149191682       1.92775392149191682    
  157   1.96024704068159927       1.96024704068159927    
  158   1.99278197018108716       1.99278197018108716    
  159   2.02531689968057504       2.02531689968057504    
  160   2.05785182918006271       2.05785182918006271    
  161   2.09043585445091606       2.09043585445091606    
  162   2.12301987972176986       2.12301987972176986    
  163   2.15560390499262322       2.15560390499262322    
  164   2.18824239679584354       2.18824239679584354    
  165   2.22088088859906385       2.22088088859906385    
  166   2.25351938040228417       2.25351938040228417    
  167   2.28621559525207640       2.28621559525207640    
  168   2.31891181010186909       2.31891181010186909    
  169   2.35160802495166132       2.35160802495166132    
  170   2.38436298999463014       2.38436298999463014    
  171   2.41711795503759852       2.41711795503759852    
  172   2.44987292008056734       2.44987292008056734    
  173   2.48268540525519965       2.48268540525519965    
  174   2.51549789042983152       2.51549789042983152    
  175   2.54831037560446383       2.54831037560446383    
  176   2.58117695236564249       2.58117695236564249    
  177   2.61404352912682114       2.61404352912682114    
  178   2.64691010588799980       2.64691010588799980    
  179   2.67982528851467539       2.67982528851467539    
  180   2.71274047114135142       2.71274047114135142    
  181   2.74565565376802700       2.74565565376802700    
  182   2.77861211641436867       2.77861211641436867    
  183   2.81156857906071078       2.81156857906071078    
  184   2.84452504170705245       2.84452504170705245    
  185   2.87751390196181900       2.87751390196181900    
  186   2.91050276221658510       2.91050276221658510    
  187   2.94349162247135165       2.94349162247135165    
  188   2.97650278026711312       2.97650278026711312    
  189   3.00951393806287459       3.00951393806287459    
  190   3.04252509585863606       3.04252509585863606    
  191   3.07554761510235508       3.07554761510235508    
  192   3.10857013434607454       3.10857013434607454    
#gg4start - starting field - bmagstart bmagstart
    1   1.23000332045958150       1.23000332045958150    
    2  0.878573800328272259      0.878573800328272259    
    3   1.22984197437245091       1.22984197437245091    
    4   1.22937593964494396       1.22937593964494396    
    5   1.22860653388443741       1.22860653388443741    
    6   1.22751874183395393       1.22751874183395393    
    7   1.22613244225479412       1.22613244225479412    
    8   1.22445152636598142       1.22445152636598142    
    9   1.22246491016914050       1.22246491016914050    
   10   1.22019316836126190       1.22019316836126190    
   11   1.21764258584585350       1.21764258584585350    
   12   1.21480669514711970       1.21480669514711970    
   13   1.21170562868957599       1.21170562868957599    
   14   1.20834778082836380       1.20834778082836380    
   15   1.20473166710020574       1.20473166710020574    
   16   1.20087597835201421       1.20087597835201421    
   17   1.19679085124805673       1.19679085124805673    
   18   1.19247980426073052       1.19247980426073052    
   19   1.18795930322722554       1.18795930322722554    
   20   1.18324080329216508       1.18324080329216508    
   21   1.17833250680835633       1.17833250680835633    
   22   1.17324813516227233       1.17324813516227233    
   23   1.16800000963550143       1.16800000963550143    
   24   1.16260039893675238       1.16260039893675238    
   25   1.15706004020199038       1.15706004020199038    
   26   1.15139166737118037       1.15139166737118037    
   27   1.14561076658522798       1.14561076658522798    
   28   1.13972511477266303       1.13972511477266303    
   29   1.13374742827283637       1.13374742827283637    
   30   1.12769541489395420       1.12769541489395420    
   31   1.12157413711778675       1.12157413711778675    
   32   1.11539590645767150       1.11539590645767150    
   33   1.10917960148234940       1.10917960148234940    
   34   1.10292797732872061       1.10292797732872061    
   35   1.09665261100328570       1.09665261100328570    
   36   1.09037253444741622       1.09037253444741622    
   37   1.08408869480586456       1.08408869480586456    
   38   1.07781167154349844       1.07781167154349844    
   39   1.07155974295102729       1.07155974295102729    
   40   1.06533257143841587       1.06533257143841587    
   41   1.05913954660690801       1.05913954660690801    
   42   1.05299745499313180       1.05299745499313180    
   43   1.04690516188543303       1.04690516188543303    
   44   1.04087074511093802       1.04087074511093802    
   45   1.03490896684976397       1.03490896684976397    
   46   1.02901830220759338       1.02901830220759338    
   47   1.02320546186788230       1.02320546186788230    
   48   1.01748287034794904       1.01748287034794904    
   49   1.01184891127404275       1.01184891127404275    
   50   1.00630893274126199       1.00630893274126199    
   51   1.00087292037595699       1.00087292037595699    
   52  0.995539346918328572      0.995539346918328572    
   53  0.990312253785998298      0.990312253785998298    
   54  0.985199274119065715      0.985199274119065715    
   55  0.980199037994724964      0.980199037994724964    
   56  0.975314377637420571      0.975314377637420571    
   57  0.970550811118478185      0.970550811118478185    
   58  0.965907099392345758      0.965907099392345758    
   59  0.961384994236340829      0.961384994236340829    
   60  0.956988243806561334      0.956988243806561334    
   61  0.952715643978123916      0.952715643978123916    
   62  0.948568015867915726      0.948568015867915726    
   63  0.944547745920956694      0.944547745920956694    
   64  0.940653527696978853      0.940653527696978853    
   65  0.936885412890746339      0.936885412890746339    
   66  0.933244855796626749      0.933244855796626749    
   67  0.929730296519212684      0.929730296519212684    
   68  0.926341181503755995      0.926341181503755995    
   69  0.923078448299853527      0.923078448299853527    
   70  0.919940142157504970      0.919940142157504970    
   71  0.916925264247400063      0.916925264247400063    
   72  0.914034609156363809      0.914034609156363809    
   73  0.911265713777836273      0.911265713777836273    
   74  0.908617284209856879      0.908617284209856879    
   75  0.906090285410194762      0.906090285410194762    
   76  0.903681672307436790      0.903681672307436790    
   77  0.901389992363861081      0.901389992363861081    
   78  0.899216623194256659      0.899216623194256659    
   79  0.897157910088270394      0.897157910088270394    
   80  0.895212362031987063      0.895212362031987063    
   81  0.893381937031363815      0.893381937031363815    
   82  0.891662389889072204      0.891662389889072204    
   83  0.890052293757986002      0.890052293757986002    
   84  0.888554282297251197      0.888554282297251197    
   85  0.887163582662393813      0.887163582662393813    
   86  0.885878917058905868      0.885878917058905868    
   87  0.884703623653105509      0.884703623653105509    
   88  0.883632502490523053      0.883632502490523053    
   89  0.882664492411183277      0.882664492411183277    
   90  0.881803607117754296      0.881803607117754296    
   91  0.881044349986583764      0.881044349986583764    
   92  0.880385927614989905      0.880385927614989905    
   93  0.879832952359999143      0.879832952359999143    
   94  0.879379782485076644      0.879379782485076644    
   95  0.879025927971510690      0.879025927971510690    
   96  0.878776485432604781      0.878776485432604781    
   97  0.878625831434383886      0.878625831434383886    
   98   0.00000000000000000       0.00000000000000000    
   99   0.00000000000000000       0.00000000000000000    
  100   0.00000000000000000       0.00000000000000000    
  101   0.00000000000000000       0.00000000000000000    
  102   0.00000000000000000       0.00000000000000000    
  103   0.00000000000000000       0.00000000000000000    
  104   0.00000000000000000       0.00000000000000000    
  105   0.00000000000000000       0.00000000000000000    
  106   0.00000000000000000       0.00000000000000000    
  107   0.00000000000000000       0.00000000000000000    
  108   0.00000000000000000       0.00000000000000000    
  109   0.00000000000000000       0.00000000000000000    
  110   0.00000000000000000       0.00000000000000000    
  111   0.00000000000000000       0.00000000000000000    
  112   0.00000000000000000       0.00000000000000000    
  113   0.00000000000000000       0.00000000000000000    
  114   0.00000000000000000       0.00000000000000000    
  115   0.00000000000000000       0.00000000000000000    
  116   0.00000000000000000       0.00000000000000000    
  117   0.00000000000000000       0.00000000000000000    
  118   0.00000000000000000       0.00000000000000000    
  119   0.00000000000000000       0.00000000000000000    
  120   0.00000000000000000       0.00000000000000000    
  121   0.00000000000000000       0.00000000000000000    
  122   0.00000000000000000       0.00000000000000000    
  123   0.00000000000000000       0.00000000000000000    
  124   0.00000000000000000       0.00000000000000000    
  125   0.00000000000000000       0.00000000000000000    
  126   0.00000000000000000       0.00000000000000000    
  127   0.00000000000000000       0.00000000000000000    
  128   0.00000000000000000       0.00000000000000000    
  129   0.00000000000000000       0.00000000000000000    
  130   0.00000000000000000       0.00000000000000000    
  131   0.00000000000000000       0.00000000000000000    
  132   0.00000000000000000       0.00000000000000000    
  133   0.00000000000000000       0.00000000000000000    
  134   0.00000000000000000       0.00000000000000000    
  135   0.00000000000000000       0.00000000000000000    
  136   0.00000000000000000       0.00000000000000000    
  137   0.00000000000000000       0.00000000000000000    
  138   0.00000000000000000       0.00000000000000000    
  139   0.00000000000000000       0.00000000000000000    
  140   0.00000000000000000       0.00000000000000000    
  141   0.00000000000000000       0.00000000000000000    
  142   0.00000000000000000       0.00000000000000000    
  143   0.00000000000000000       0.00000000000000000    
  144   0.00000000000000000       0.00000000000000000    
  145   0.00000000000000000       0.00000000000000000    
  146   0.00000000000000000       0.00000000000000000    
  147   0.00000000000000000       0.00000000000000000    
  148   0.00000000000000000       0.00000000000000000    
  149   0.00000000000000000       0.00000000000000000    
  150   0.00000000000000000       0.00000000000000000    
  151   0.00000000000000000       0.00000000000000000    
  152   0.00000000000000000       0.00000000000000000    
  153   0.00000000000000000       0.00000000000000000    
  154   0.00000000000000000       0.00000000000000000    
  155   0.00000000000000000       0.00000000000000000    
  156   0.00000000000000000       0.00000000000000000    
  157   0.00000000000000000       0.00000000000000000    
  158   0.00000000000000000       0.00000000000000000    
  159   0.00000000000000000       0.00000000000000000    
  160   0.00000000000000000       0.00000000000000000    
  161   0.00000000000000000       0.00000000000000000    
  162   0.00000000000000000       0.00000000000000000    
  163   0.00000000000000000       0.00000000000000000    
  164   0.00000000000000000       0.00000000000000000    
  165   0.00000000000000000       0.00000000000000000    
  166   0.00000000000000000       0.00000000000000000    
  167   0.00000000000000000       0.00000000000000000    
  168   0.00000000000000000       0.00000000000000000    
  169   0.00000000000000000       0.00000000000000000    
  170   0.00000000000000000       0.00000000000000000    
  171   0.00000000000000000       0.00000000000000000    
  172   0.00000000000000000       0.00000000000000000    
  173   0.00000000000000000       0.00000000000000000    
  174   0.00000000000000000       0.00000000000000000    
  175   0.00000000000000000       0.00000000000000000    
  176   0.00000000000000000       0.00000000000000000    
  177   0.00000000000000000       0.00000000000000000    
  178   0.00000000000000000       0.00000000000000000    
  179   0.00000000000000000       0.00000000000000000    
  180   0.00000000000000000       0.00000000000000000    
  181   0.00000000000000000       0.00000000000000000    
  182   0.00000000000000000       0.00000000000000000    
  183   0.00000000000000000       0.00000000000000000    
  184   0.00000000000000000       0.00000000000000000    
  185   0.00000000000000000       0.00000000000000000    
  186   0.00000000000000000       0.00000000000000000    
  187   0.00000000000000000       0.00000000000000000    
  188   0.00000000000000000       0.00000000000000000    
  189   0.00000000000000000       0.00000000000000000    
  190   0.00000000000000000       0.00000000000000000    
  191   0.00000000000000000       0.00000000000000000    
  192   0.00000000000000000       0.00000000000000000    
#gg4start - essentialstart
           1 T
           2 T
           3 F
           4 F
           5 F
           6 F
           7 F
           8 F
           9 F
          10 F
          11 F
          12 F
          13 F
          14 F
          15 F
          16 F
          17 F
          18 F
          19 F
          20 F
          21 F
          22 F
          23 F
          24 F
          25 F
          26 F
          27 F
          28 F
          29 F
          30 F
          31 F
          32 F
          33 F
          34 F
          35 F
          36 F
          37 F
          38 F
          39 F
          40 F
          41 F
          42 F
          43 F
          44 F
          45 F
          46 F
          47 F
          48 F
          49 F
          50 F
          51 F
          52 F
          53 F
          54 F
          55 F
          56 F
          57 F
          58 F
          59 F
          60 F
          61 F
          62 F
          63 F
          64 F
          65 F
          66 F
          67 F
          68 F
          69 F
          70 F
          71 F
          72 F
          73 F
          74 F
          75 F
          76 F
          77 F
          78 F
          79 F
          80 F
          81 F
          82 F
          83 F
          84 F
          85 F
          86 F
          87 F
          88 F
          89 F
          90 F
          91 F
          92 F
          93 F
          94 F
          95 F
          96 F
          97 F
          98 F
          99 F
         100 F
         101 F
         102 F
         103 F
         104 F
         105 F
         106 F
         107 F
         108 F
         109 F
         110 F
         111 F
         112 F
         113 F
         114 F
         115 F
         116 F
         117 F
         118 F
         119 F
         120 F
         121 F
         122 F
         123 F
         124 F
         125 F
         126 F
         127 F
         128 F
         129 F
         130 F
         131 F
         132 F
         133 F
         134 F
         135 F
         136 F
         137 F
         138 F
         139 F
         140 F
         141 F
         142 F
         143 F
         144 F
         145 F
         146 F
         147 F
         148 F
         149 F
         150 F
         151 F
         152 F
         153 F
         154 F
         155 F
         156 F
         157 F
         158 F
         159 F
         160 F
         161 F
         162 F
         163 F
         164 F
         165 F
         166 F
         167 F
         168 F
         169 F
         170 F
         171 F
         172 F
         173 F
         174 F
         175 F
         176 F
         177 F
         178 F
         179 F
         180 F
         181 F
         182 F
         183 F
         184 F
         185 F
         186 F
         187 F
         188 F
         189 F
         190 F
         191 F
         192 F
# gg4collect - bmagset bmagset
    1   1.23000332045958150       1.23000332045958150    
    2  0.878573800328272259      0.878573800328272259    
    3   1.22984197437245091       1.22984197437245091    
    4   1.22937593964494396       1.22937593964494396    
    5   1.22860653388443741       1.22860653388443741    
    6   1.22751874183395393       1.22751874183395393    
    7   1.22613244225479412       1.22613244225479412    
    8   1.22445152636598142       1.22445152636598142    
    9   1.22246491016914050       1.22246491016914050    
   10   1.22019316836126190       1.22019316836126190    
   11   1.21764258584585350       1.21764258584585350    
   12   1.21480669514711970       1.21480669514711970    
   13   1.21170562868957599       1.21170562868957599    
   14   1.20834778082836380       1.20834778082836380    
   15   1.20473166710020574       1.20473166710020574    
   16   1.20087597835201421       1.20087597835201421    
   17   1.19679085124805673       1.19679085124805673    
   18   1.19247980426073052       1.19247980426073052    
   19   1.18795930322722554       1.18795930322722554    
   20   1.18324080329216508       1.18324080329216508    
   21   1.17833250680835633       1.17833250680835633    
   22   1.17324813516227233       1.17324813516227233    
   23   1.16800000963550143       1.16800000963550143    
   24   1.16260039893675238       1.16260039893675238    
   25   1.15706004020199038       1.15706004020199038    
   26   1.15139166737118037       1.15139166737118037    
   27   1.14561076658522798       1.14561076658522798    
   28   1.13972511477266303       1.13972511477266303    
   29   1.13374742827283637       1.13374742827283637    
   30   1.12769541489395420       1.12769541489395420    
   31   1.12157413711778675       1.12157413711778675    
   32   1.11539590645767150       1.11539590645767150    
   33   1.10917960148234940       1.10917960148234940    
   34   1.10292797732872061       1.10292797732872061    
   35   1.09665261100328570       1.09665261100328570    
   36   1.09037253444741622       1.09037253444741622    
   37   1.08408869480586456       1.08408869480586456    
   38   1.07781167154349844       1.07781167154349844    
   39   1.07155974295102729       1.07155974295102729    
   40   1.06533257143841587       1.06533257143841587    
   41   1.05913954660690801       1.05913954660690801    
   42   1.05299745499313180       1.05299745499313180    
   43   1.04690516188543303       1.04690516188543303    
   44   1.04087074511093802       1.04087074511093802    
   45   1.03490896684976397       1.03490896684976397    
   46   1.02901830220759338       1.02901830220759338    
   47   1.02320546186788230       1.02320546186788230    
   48   1.01748287034794904       1.01748287034794904    
   49   1.01184891127404275       1.01184891127404275    
   50   1.00630893274126199       1.00630893274126199    
   51   1.00087292037595699       1.00087292037595699    
   52  0.995539346918328572      0.995539346918328572    
   53  0.990312253785998298      0.990312253785998298    
   54  0.985199274119065715      0.985199274119065715    
   55  0.980199037994724964      0.980199037994724964    
   56  0.975314377637420571      0.975314377637420571    
   57  0.970550811118478185      0.970550811118478185    
   58  0.965907099392345758      0.965907099392345758    
   59  0.961384994236340829      0.961384994236340829    
   60  0.956988243806561334      0.956988243806561334    
   61  0.952715643978123916      0.952715643978123916    
   62  0.948568015867915726      0.948568015867915726    
   63  0.944547745920956694      0.944547745920956694    
   64  0.940653527696978853      0.940653527696978853    
   65  0.936885412890746339      0.936885412890746339    
   66  0.933244855796626749      0.933244855796626749    
   67  0.929730296519212684      0.929730296519212684    
   68  0.926341181503755995      0.926341181503755995    
   69  0.923078448299853527      0.923078448299853527    
   70  0.919940142157504970      0.919940142157504970    
   71  0.916925264247400063      0.916925264247400063    
   72  0.914034609156363809      0.914034609156363809    
   73  0.911265713777836273      0.911265713777836273    
   74  0.908617284209856879      0.908617284209856879    
   75  0.906090285410194762      0.906090285410194762    
   76  0.903681672307436790      0.903681672307436790    
   77  0.901389992363861081      0.901389992363861081    
   78  0.899216623194256659      0.899216623194256659    
   79  0.897157910088270394      0.897157910088270394    
   80  0.895212362031987063      0.895212362031987063    
   81  0.893381937031363815      0.893381937031363815    
   82  0.891662389889072204      0.891662389889072204    
   83  0.890052293757986002      0.890052293757986002    
   84  0.888554282297251197      0.888554282297251197    
   85  0.887163582662393813      0.887163582662393813    
   86  0.885878917058905868      0.885878917058905868    
   87  0.884703623653105509      0.884703623653105509    
   88  0.883632502490523053      0.883632502490523053    
   89  0.882664492411183277      0.882664492411183277    
   90  0.881803607117754296      0.881803607117754296    
   91  0.881044349986583764      0.881044349986583764    
   92  0.880385927614989905      0.880385927614989905    
   93  0.879832952359999143      0.879832952359999143    
   94  0.879379782485076644      0.879379782485076644    
   95  0.879025927971510690      0.879025927971510690    
   96  0.878776485432604781      0.878776485432604781    
   97  0.878625831434383886      0.878625831434383886    
   98   0.00000000000000000       0.00000000000000000    
   99   0.00000000000000000       0.00000000000000000    
  100   0.00000000000000000       0.00000000000000000    
  101   0.00000000000000000       0.00000000000000000    
  102   0.00000000000000000       0.00000000000000000    
  103   0.00000000000000000       0.00000000000000000    
  104   0.00000000000000000       0.00000000000000000    
  105   0.00000000000000000       0.00000000000000000    
  106   0.00000000000000000       0.00000000000000000    
  107   0.00000000000000000       0.00000000000000000    
  108   0.00000000000000000       0.00000000000000000    
  109   0.00000000000000000       0.00000000000000000    
  110   0.00000000000000000       0.00000000000000000    
  111   0.00000000000000000       0.00000000000000000    
  112   0.00000000000000000       0.00000000000000000    
  113   0.00000000000000000       0.00000000000000000    
  114   0.00000000000000000       0.00000000000000000    
  115   0.00000000000000000       0.00000000000000000    
  116   0.00000000000000000       0.00000000000000000    
  117   0.00000000000000000       0.00000000000000000    
  118   0.00000000000000000       0.00000000000000000    
  119   0.00000000000000000       0.00000000000000000    
  120   0.00000000000000000       0.00000000000000000    
  121   0.00000000000000000       0.00000000000000000    
  122   0.00000000000000000       0.00000000000000000    
  123   0.00000000000000000       0.00000000000000000    
  124   0.00000000000000000       0.00000000000000000    
  125   0.00000000000000000       0.00000000000000000    
  126   0.00000000000000000       0.00000000000000000    
  127   0.00000000000000000       0.00000000000000000    
  128   0.00000000000000000       0.00000000000000000    
  129   0.00000000000000000       0.00000000000000000    
  130   0.00000000000000000       0.00000000000000000    
  131   0.00000000000000000       0.00000000000000000    
  132   0.00000000000000000       0.00000000000000000    
  133   0.00000000000000000       0.00000000000000000    
  134   0.00000000000000000       0.00000000000000000    
  135   0.00000000000000000       0.00000000000000000    
  136   0.00000000000000000       0.00000000000000000    
  137   0.00000000000000000       0.00000000000000000    
  138   0.00000000000000000       0.00000000000000000    
  139   0.00000000000000000       0.00000000000000000    
  140   0.00000000000000000       0.00000000000000000    
  141   0.00000000000000000       0.00000000000000000    
  142   0.00000000000000000       0.00000000000000000    
  143   0.00000000000000000       0.00000000000000000    
  144   0.00000000000000000       0.00000000000000000    
  145   0.00000000000000000       0.00000000000000000    
  146   0.00000000000000000       0.00000000000000000    
  147   0.00000000000000000       0.00000000000000000    
  148   0.00000000000000000       0.00000000000000000    
  149   0.00000000000000000       0.00000000000000000    
  150   0.00000000000000000       0.00000000000000000    
  151   0.00000000000000000       0.00000000000000000    
  152   0.00000000000000000       0.00000000000000000    
  153   0.00000000000000000       0.00000000000000000    
  154   0.00000000000000000       0.00000000000000000    
  155   0.00000000000000000       0.00000000000000000    
  156   0.00000000000000000       0.00000000000000000    
  157   0.00000000000000000       0.00000000000000000    
  158   0.00000000000000000       0.00000000000000000    
  159   0.00000000000000000       0.00000000000000000    
  160   0.00000000000000000       0.00000000000000000    
  161   0.00000000000000000       0.00000000000000000    
  162   0.00000000000000000       0.00000000000000000    
  163   0.00000000000000000       0.00000000000000000    
  164   0.00000000000000000       0.00000000000000000    
  165   0.00000000000000000       0.00000000000000000    
  166   0.00000000000000000       0.00000000000000000    
  167   0.00000000000000000       0.00000000000000000    
  168   0.00000000000000000       0.00000000000000000    
  169   0.00000000000000000       0.00000000000000000    
  170   0.00000000000000000       0.00000000000000000    
  171   0.00000000000000000       0.00000000000000000    
  172   0.00000000000000000       0.00000000000000000    
  173   0.00000000000000000       0.00000000000000000    
  174   0.00000000000000000       0.00000000000000000    
  175   0.00000000000000000       0.00000000000000000    
  176   0.00000000000000000       0.00000000000000000    
  177   0.00000000000000000       0.00000000000000000    
  178   0.00000000000000000       0.00000000000000000    
  179   0.00000000000000000       0.00000000000000000    
  180   0.00000000000000000       0.00000000000000000    
  181   0.00000000000000000       0.00000000000000000    
  182   0.00000000000000000       0.00000000000000000    
  183   0.00000000000000000       0.00000000000000000    
  184   0.00000000000000000       0.00000000000000000    
  185   0.00000000000000000       0.00000000000000000    
  186   0.00000000000000000       0.00000000000000000    
  187   0.00000000000000000       0.00000000000000000    
  188   0.00000000000000000       0.00000000000000000    
  189   0.00000000000000000       0.00000000000000000    
  190   0.00000000000000000       0.00000000000000000    
  191   0.00000000000000000       0.00000000000000000    
  192   0.00000000000000000       0.00000000000000000    
# gg4collect - thetasetset ibmagsetset icollsetset
    1  -3.14159265358979312        1          2
    2 -0.856218620597837931E-15    2          2
    3  -3.10857013434607365        3          2
    4   3.10857013434606921        3       3222
    5  -3.07554761510235464        4          2
    6   3.07554761510235997        4       3222
    7  -3.04252509585863518        5          2
    8   3.04252509585863606        5        331
    9  -3.00951393806287371        6          2
   10   3.00951393806287149        6       3222
   11  -2.97650278026711224        7          2
   12   2.97650278026711623        7       3222
   13  -2.94349162247135077        8          2
   14   2.94349162247135165        8        331
   15  -2.91050276221658422        9          2
   16   2.91050276221658599        9       3222
   17  -2.87751390196181811       10          2
   18   2.87751390196182033       10       3222
   19  -2.84452504170705156       11          2
   20   2.84452504170705245       11        331
   21  -2.81156857906070989       12          2
   22   2.81156857906071256       12       3222
   23  -2.77861211641436823       13          2
   24   2.77861211641436956       13       3222
   25  -2.74565565376802656       14          2
   26   2.74565565376802700       14        331
   27  -2.71274047114135097       15          2
   28   2.71274047114135008       15       3222
   29  -2.67982528851467583       16          2
   30   2.67982528851467272       16       3222
   31  -2.64691010588800024       17          2
   32   2.64691010588799847       17       3222
   33  -2.61404352912682114       18          2
   34   2.61404352912682025       18       3222
   35  -2.58117695236564249       19          2
   36   2.58117695236564026       19       3222
   37  -2.54831037560446338       20          2
   38   2.54831037560446383       20        331
   39  -2.51549789042983107       21          2
   40   2.51549789042983285       21       3222
   41  -2.48268540525519876       22          2
   42   2.48268540525520010       22       3222
   43  -2.44987292008056645       23          2
   44   2.44987292008056734       23        331
   45  -2.41711795503759763       24          2
   46   2.41711795503760074       24       3222
   47  -2.38436298999462926       25          2
   48   2.38436298999463059       25       3222
   49  -2.35160802495166044       26          2
   50   2.35160802495166132       26        331
   51  -2.31891181010186820       27          2
   52   2.31891181010186864       27       3222
   53  -2.28621559525207640       28          2
   54   2.28621559525207640       28       3222
   55  -2.25351938040228417       29          2
   56   2.25351938040228417       29        331
   57  -2.22088088859906385       30          2
   58   2.22088088859906563       30       3222
   59  -2.18824239679584309       31          2
   60   2.18824239679584398       31       3222
   61  -2.15560390499262278       32          2
   62   2.15560390499262322       32        331
   63  -2.12301987972176942       33          2
   64   2.12301987972176898       33       3222
   65  -2.09043585445091606       34          2
   66   2.09043585445091651       34       3222
   67  -2.05785182918006271       35          2
   68   2.05785182918006271       35        331
   69  -2.02531689968057460       36          2
   70   2.02531689968057460       36       3222
   71  -1.99278197018108694       37          2
   72   1.99278197018108649       37       3222
   73  -1.96024704068159905       38          2
   74   1.96024704068159927       38        331
   75  -1.92775392149191638       39          2
   76   1.92775392149191704       39       3222
   77  -1.89526080230223393       40          2
   78   1.89526080230223437       40       3222
   79  -1.86276768311255125       41          2
   80   1.86276768311255214       41        331
   81  -1.83030745147384000       42          2
   82   1.83030745147384133       42       3222
   83  -1.79784721983512896       43          2
   84   1.79784721983512918       43       3222
   85  -1.76538698819641771       44          2
   86   1.76538698819641837       44        331
   87  -1.73294942909639027       45          2
   88   1.73294942909639071       45       3222
   89  -1.70051186999636283       46          2
   90   1.70051186999636217       46       3222
   91  -1.66807431089633540       47          2
   92   1.66807431089633496       47        331
   93  -1.63564831619585571       48          2
   94   1.63564831619585438       48       3222
   95  -1.60322232149537602       49          2
   96   1.60322232149537536       49       3222
   97  -1.57079632679489634       50          2
   98   1.57079632679489656       50        331
   99  -1.53837033209441643       51          2
  100   1.53837033209441598       51       3222
  101  -1.50594433739393674       52          2
  102   1.50594433739393718       52       3222
  103  -1.47351834269345683       53          2
  104   1.47351834269345661       53       3222
  105  -1.44108078359342939       54          2
  106   1.44108078359343050       54       3222
  107  -1.40864322449340174       55          2
  108   1.40864322449340174       55       3222
  109  -1.37620566539337430       56          2
  110   1.37620566539337430       56        331
  111  -1.34374543375466304       57          2
  112   1.34374543375466282       57       3222
  113  -1.31128520211595201       58          2
  114   1.31128520211595134       58       3222
  115  -1.27882497047724075       59          2
  116   1.27882497047724031       59        331
  117  -1.24633185128755830       60          2
  118   1.24633185128755875       60       3222
  119  -1.21383873209787585       61          2
  120   1.21383873209787541       61       3222
  121  -1.18134561290819340       62          2
  122   1.18134561290819273       62        331
  123  -1.14881068340870551       63          2
  124   1.14881068340870485       63       3222
  125  -1.11627575390921741       64          2
  126   1.11627575390921518       64       3222
  127  -1.08374082440972952       65          2
  128   1.08374082440972885       65        331
  129  -1.05115679913887639       66          2
  130   1.05115679913887483       66       3222
  131  -1.01857277386802303       67          2
  132   1.01857277386802081       67       3222
  133 -0.985988748597169895       68          2
  134  0.985988748597170561       68       3222
  135 -0.953350256793949358       69          2
  136  0.953350256793948136       69       3222
  137 -0.920711764990728820       70          2
  138  0.920711764990729153       70       3222
  139 -0.888073273187508283       71          2
  140  0.888073273187507839       71        331
  141 -0.855377058337716267       72          2
  142  0.855377058337717155       72       3222
  143 -0.822680843487924252       73          2
  144  0.822680843487924585       73       3222
  145 -0.789984628638132236       74          2
  146  0.789984628638133901       74       3222
  147 -0.757229663595163638       75          2
  148  0.757229663595163083       75       3222
  149 -0.724474698552195151       76          2
  150  0.724474698552193375       76       3222
  151 -0.691719733509226553       77          2
  152  0.691719733509225332       77        331
  153 -0.658907248334594353       78          2
  154  0.658907248334592355       78       3222
  155 -0.626094763159962042       79          2
  156  0.626094763159961598       79       3222
  157 -0.593282277985329842       80          2
  158  0.593282277985329287       80       3222
  159 -0.560415701224150742       81          2
  160  0.560415701224151519       81       3222
  161 -0.527549124462971530       82          2
  162  0.527549124462971308       82       3222
  163 -0.494682547701792430       83          2
  164  0.494682547701791209       83        331
  165 -0.461767365075117064       84          2
  166  0.461767365075117786       84       3222
  167 -0.428852182448441699       85          2
  168  0.428852182448441366       85       3222
  169 -0.395936999821766333       86          2
  170  0.395936999821765112       86        331
  171 -0.362980537175424889       87          2
  172  0.362980537175425333       87       3222
  173 -0.330024074529083444       88          2
  174  0.330024074529082945       88       3222
  175 -0.297067611882742000       89          2
  176  0.297067611882740279       89        331
  177 -0.264078751627975672       90          2
  178  0.264078751627973340       90       3222
  179 -0.231089891373209344       91          2
  180  0.231089891373211759       91       3222
  181 -0.198101031118443016       92          2
  182  0.198101031118441823       92        331
  183 -0.165089873322681491       93          2
  184  0.165089873322676328       93       3222
  185 -0.132078715526919965       94          2
  186  0.132078715526910917       94       3222
  187 -0.990675577311584260E-01   95          2
  188  0.990675577311567052E-01   95        331
  189 -0.660450384874392282E-01   96          2
  190  0.660450384874225194E-01   96       3222
  191 -0.330225192437200443E-01   97          2
  192  0.330225192437672149E-01   97       3222
#gg4sort - thetasetset ithetasort ithetasort
    1  -3.14159265358979312        1          1
    2 -0.856218620597837931E-15    3          3
    3  -3.10857013434607365        5          5
    4   3.10857013434606921        7          7
    5  -3.07554761510235464        9          9
    6   3.07554761510235997       11         11
    7  -3.04252509585863518       13         13
    8   3.04252509585863606       15         15
    9  -3.00951393806287371       17         17
   10   3.00951393806287149       19         19
   11  -2.97650278026711224       21         21
   12   2.97650278026711623       23         23
   13  -2.94349162247135077       25         25
   14   2.94349162247135165       27         27
   15  -2.91050276221658422       29         29
   16   2.91050276221658599       31         31
   17  -2.87751390196181811       33         33
   18   2.87751390196182033       35         35
   19  -2.84452504170705156       37         37
   20   2.84452504170705245       39         39
   21  -2.81156857906070989       41         41
   22   2.81156857906071256       43         43
   23  -2.77861211641436823       45         45
   24   2.77861211641436956       47         47
   25  -2.74565565376802656       49         49
   26   2.74565565376802700       51         51
   27  -2.71274047114135097       53         53
   28   2.71274047114135008       55         55
   29  -2.67982528851467583       57         57
   30   2.67982528851467272       59         59
   31  -2.64691010588800024       61         61
   32   2.64691010588799847       63         63
   33  -2.61404352912682114       65         65
   34   2.61404352912682025       67         67
   35  -2.58117695236564249       69         69
   36   2.58117695236564026       71         71
   37  -2.54831037560446338       73         73
   38   2.54831037560446383       75         75
   39  -2.51549789042983107       77         77
   40   2.51549789042983285       79         79
   41  -2.48268540525519876       81         81
   42   2.48268540525520010       83         83
   43  -2.44987292008056645       85         85
   44   2.44987292008056734       87         87
   45  -2.41711795503759763       89         89
   46   2.41711795503760074       91         91
   47  -2.38436298999462926       93         93
   48   2.38436298999463059       95         95
   49  -2.35160802495166044       97         97
   50   2.35160802495166132       99         99
   51  -2.31891181010186820      101        101
   52   2.31891181010186864      103        103
   53  -2.28621559525207640      105        105
   54   2.28621559525207640      107        107
   55  -2.25351938040228417      109        109
   56   2.25351938040228417      111        111
   57  -2.22088088859906385      113        113
   58   2.22088088859906563      115        115
   59  -2.18824239679584309      117        117
   60   2.18824239679584398      119        119
   61  -2.15560390499262278      121        121
   62   2.15560390499262322      123        123
   63  -2.12301987972176942      125        125
   64   2.12301987972176898      127        127
   65  -2.09043585445091606      129        129
   66   2.09043585445091651      131        131
   67  -2.05785182918006271      133        133
   68   2.05785182918006271      135        135
   69  -2.02531689968057460      137        137
   70   2.02531689968057460      139        139
   71  -1.99278197018108694      141        141
   72   1.99278197018108649      143        143
   73  -1.96024704068159905      145        145
   74   1.96024704068159927      147        147
   75  -1.92775392149191638      149        149
   76   1.92775392149191704      151        151
   77  -1.89526080230223393      153        153
   78   1.89526080230223437      155        155
   79  -1.86276768311255125      157        157
   80   1.86276768311255214      159        159
   81  -1.83030745147384000      161        161
   82   1.83030745147384133      163        163
   83  -1.79784721983512896      165        165
   84   1.79784721983512918      167        167
   85  -1.76538698819641771      169        169
   86   1.76538698819641837      171        171
   87  -1.73294942909639027      173        173
   88   1.73294942909639071      175        175
   89  -1.70051186999636283      177        177
   90   1.70051186999636217      179        179
   91  -1.66807431089633540      181        181
   92   1.66807431089633496      183        183
   93  -1.63564831619585571      185        185
   94   1.63564831619585438      187        187
   95  -1.60322232149537602      189        189
   96   1.60322232149537536      191        191
   97  -1.57079632679489634        2          2
   98   1.57079632679489656      192        192
   99  -1.53837033209441643      190        190
  100   1.53837033209441598      188        188
  101  -1.50594433739393674      186        186
  102   1.50594433739393718      184        184
  103  -1.47351834269345683      182        182
  104   1.47351834269345661      180        180
  105  -1.44108078359342939      178        178
  106   1.44108078359343050      176        176
  107  -1.40864322449340174      174        174
  108   1.40864322449340174      172        172
  109  -1.37620566539337430      170        170
  110   1.37620566539337430      168        168
  111  -1.34374543375466304      166        166
  112   1.34374543375466282      164        164
  113  -1.31128520211595201      162        162
  114   1.31128520211595134      160        160
  115  -1.27882497047724075      158        158
  116   1.27882497047724031      156        156
  117  -1.24633185128755830      154        154
  118   1.24633185128755875      152        152
  119  -1.21383873209787585      150        150
  120   1.21383873209787541      148        148
  121  -1.18134561290819340      146        146
  122   1.18134561290819273      144        144
  123  -1.14881068340870551      142        142
  124   1.14881068340870485      140        140
  125  -1.11627575390921741      138        138
  126   1.11627575390921518      136        136
  127  -1.08374082440972952      134        134
  128   1.08374082440972885      132        132
  129  -1.05115679913887639      130        130
  130   1.05115679913887483      128        128
  131  -1.01857277386802303      126        126
  132   1.01857277386802081      124        124
  133 -0.985988748597169895      122        122
  134  0.985988748597170561      120        120
  135 -0.953350256793949358      118        118
  136  0.953350256793948136      116        116
  137 -0.920711764990728820      114        114
  138  0.920711764990729153      112        112
  139 -0.888073273187508283      110        110
  140  0.888073273187507839      108        108
  141 -0.855377058337716267      106        106
  142  0.855377058337717155      104        104
  143 -0.822680843487924252      102        102
  144  0.822680843487924585      100        100
  145 -0.789984628638132236       98         98
  146  0.789984628638133901       96         96
  147 -0.757229663595163638       94         94
  148  0.757229663595163083       92         92
  149 -0.724474698552195151       90         90
  150  0.724474698552193375       88         88
  151 -0.691719733509226553       86         86
  152  0.691719733509225332       84         84
  153 -0.658907248334594353       82         82
  154  0.658907248334592355       80         80
  155 -0.626094763159962042       78         78
  156  0.626094763159961598       76         76
  157 -0.593282277985329842       74         74
  158  0.593282277985329287       72         72
  159 -0.560415701224150742       70         70
  160  0.560415701224151519       68         68
  161 -0.527549124462971530       66         66
  162  0.527549124462971308       64         64
  163 -0.494682547701792430       62         62
  164  0.494682547701791209       60         60
  165 -0.461767365075117064       58         58
  166  0.461767365075117786       56         56
  167 -0.428852182448441699       54         54
  168  0.428852182448441366       52         52
  169 -0.395936999821766333       50         50
  170  0.395936999821765112       48         48
  171 -0.362980537175424889       46         46
  172  0.362980537175425333       44         44
  173 -0.330024074529083444       42         42
  174  0.330024074529082945       40         40
  175 -0.297067611882742000       38         38
  176  0.297067611882740279       36         36
  177 -0.264078751627975672       34         34
  178  0.264078751627973340       32         32
  179 -0.231089891373209344       30         30
  180  0.231089891373211759       28         28
  181 -0.198101031118443016       26         26
  182  0.198101031118441823       24         24
  183 -0.165089873322681491       22         22
  184  0.165089873322676328       20         20
  185 -0.132078715526919965       18         18
  186  0.132078715526910917       16         16
  187 -0.990675577311584260E-01   14         14
  188  0.990675577311567052E-01   12         12
  189 -0.660450384874392282E-01   10         10
  190  0.660450384874225194E-01    8          8
  191 -0.330225192437200443E-01    6          6
  192  0.330225192437672149E-01    4          4
#gg4sort - bmagset ibmagsort ibmagsort
    1   1.23000332045958150      192        192
    2  0.878573800328272259      132        132
    3   1.22984197437245091      123        123
    4   1.22937593964494396      124        124
    5   1.22860653388443741      125        125
    6   1.22751874183395393      126        126
    7   1.22613244225479412      127        127
    8   1.22445152636598142      128        128
    9   1.22246491016914050      129        129
   10   1.22019316836126190      130        130
   11   1.21764258584585350      131        131
   12   1.21480669514711970      133        133
   13   1.21170562868957599      121        121
   14   1.20834778082836380      134        134
   15   1.20473166710020574      135        135
   16   1.20087597835201421      136        136
   17   1.19679085124805673      137        137
   18   1.19247980426073052      138        138
   19   1.18795930322722554      139        139
   20   1.18324080329216508      140        140
   21   1.17833250680835633      141        141
   22   1.17324813516227233      142        142
   23   1.16800000963550143      122        122
   24   1.16260039893675238      120        120
   25   1.15706004020199038      144        144
   26   1.15139166737118037      108        108
   27   1.14561076658522798       99         99
   28   1.13972511477266303      100        100
   29   1.13374742827283637      101        101
   30   1.12769541489395420      102        102
   31   1.12157413711778675      103        103
   32   1.11539590645767150      104        104
   33   1.10917960148234940      105        105
   34   1.10292797732872061      106        106
   35   1.09665261100328570      107        107
   36   1.09037253444741622      109        109
   37   1.08408869480586456      119        119
   38   1.07781167154349844      110        110
   39   1.07155974295102729      111        111
   40   1.06533257143841587      112        112
   41   1.05913954660690801      113        113
   42   1.05299745499313180      114        114
   43   1.04690516188543303      115        115
   44   1.04087074511093802      116        116
   45   1.03490896684976397      117        117
   46   1.02901830220759338      118        118
   47   1.02320546186788230      143        143
   48   1.01748287034794904      145        145
   49   1.01184891127404275       98         98
   50   1.00630893274126199      146        146
   51   1.00087292037595699      181        181
   52  0.995539346918328572      172        172
   53  0.990312253785998298      173        173
   54  0.985199274119065715      174        174
   55  0.980199037994724964      175        175
   56  0.975314377637420571      176        176
   57  0.970550811118478185      177        177
   58  0.965907099392345758      178        178
   59  0.961384994236340829      179        179
   60  0.956988243806561334      180        180
   61  0.952715643978123916      182        182
   62  0.948568015867915726      170        170
   63  0.944547745920956694      183        183
   64  0.940653527696978853      184        184
   65  0.936885412890746339      185        185
   66  0.933244855796626749      186        186
   67  0.929730296519212684      187        187
   68  0.926341181503755995      188        188
   69  0.923078448299853527      189        189
   70  0.919940142157504970      190        190
   71  0.916925264247400063      191        191
   72  0.914034609156363809      171        171
   73  0.911265713777836273      169        169
   74  0.908617284209856879      147        147
   75  0.906090285410194762      157        157
   76  0.903681672307436790      148        148
   77  0.901389992363861081      149        149
   78  0.899216623194256659      150        150
   79  0.897157910088270394      151        151
   80  0.895212362031987063      152        152
   81  0.893381937031363815      153        153
   82  0.891662389889072204      154        154
   83  0.890052293757986002      155        155
   84  0.888554282297251197      156        156
   85  0.887163582662393813      158        158
   86  0.885878917058905868      168        168
   87  0.884703623653105509      159        159
   88  0.883632502490523053      160        160
   89  0.882664492411183277      161        161
   90  0.881803607117754296      162        162
   91  0.881044349986583764      163        163
   92  0.880385927614989905      164        164
   93  0.879832952359999143      165        165
   94  0.879379782485076644      166        166
   95  0.879025927971510690      167        167
   96  0.878776485432604781        2          2
   97  0.878625831434383886       97         97
   98   0.00000000000000000       96         96
   99   0.00000000000000000       95         95
  100   0.00000000000000000       94         94
  101   0.00000000000000000       93         93
  102   0.00000000000000000       92         92
  103   0.00000000000000000       91         91
  104   0.00000000000000000       90         90
  105   0.00000000000000000       89         89
  106   0.00000000000000000       88         88
  107   0.00000000000000000       87         87
  108   0.00000000000000000       86         86
  109   0.00000000000000000       85         85
  110   0.00000000000000000       84         84
  111   0.00000000000000000       83         83
  112   0.00000000000000000       82         82
  113   0.00000000000000000       81         81
  114   0.00000000000000000       80         80
  115   0.00000000000000000       79         79
  116   0.00000000000000000       78         78
  117   0.00000000000000000       77         77
  118   0.00000000000000000       76         76
  119   0.00000000000000000       75         75
  120   0.00000000000000000       74         74
  121   0.00000000000000000       73         73
  122   0.00000000000000000       72         72
  123   0.00000000000000000       71         71
  124   0.00000000000000000       70         70
  125   0.00000000000000000       69         69
  126   0.00000000000000000       68         68
  127   0.00000000000000000       67         67
  128   0.00000000000000000       66         66
  129   0.00000000000000000       65         65
  130   0.00000000000000000       64         64
  131   0.00000000000000000       63         63
  132   0.00000000000000000       62         62
  133   0.00000000000000000       61         61
  134   0.00000000000000000       60         60
  135   0.00000000000000000       59         59
  136   0.00000000000000000       58         58
  137   0.00000000000000000       57         57
  138   0.00000000000000000       56         56
  139   0.00000000000000000       55         55
  140   0.00000000000000000       54         54
  141   0.00000000000000000       53         53
  142   0.00000000000000000       52         52
  143   0.00000000000000000       51         51
  144   0.00000000000000000       50         50
  145   0.00000000000000000       49         49
  146   0.00000000000000000       48         48
  147   0.00000000000000000       47         47
  148   0.00000000000000000       46         46
  149   0.00000000000000000       45         45
  150   0.00000000000000000       44         44
  151   0.00000000000000000       43         43
  152   0.00000000000000000       42         42
  153   0.00000000000000000       41         41
  154   0.00000000000000000       40         40
  155   0.00000000000000000       39         39
  156   0.00000000000000000       38         38
  157   0.00000000000000000       37         37
  158   0.00000000000000000       36         36
  159   0.00000000000000000       35         35
  160   0.00000000000000000       34         34
  161   0.00000000000000000       33         33
  162   0.00000000000000000       32         32
  163   0.00000000000000000       31         31
  164   0.00000000000000000       30         30
  165   0.00000000000000000       29         29
  166   0.00000000000000000       28         28
  167   0.00000000000000000       27         27
  168   0.00000000000000000       26         26
  169   0.00000000000000000       25         25
  170   0.00000000000000000       24         24
  171   0.00000000000000000       23         23
  172   0.00000000000000000       22         22
  173   0.00000000000000000       21         21
  174   0.00000000000000000       20         20
  175   0.00000000000000000       19         19
  176   0.00000000000000000       18         18
  177   0.00000000000000000       17         17
  178   0.00000000000000000       16         16
  179   0.00000000000000000       15         15
  180   0.00000000000000000       14         14
  181   0.00000000000000000       13         13
  182   0.00000000000000000       12         12
  183   0.00000000000000000       11         11
  184   0.00000000000000000       10         10
  185   0.00000000000000000        9          9
  186   0.00000000000000000        8          8
  187   0.00000000000000000        7          7
  188   0.00000000000000000        6          6
  189   0.00000000000000000        5          5
  190   0.00000000000000000        4          4
  191   0.00000000000000000        3          3
  192   0.00000000000000000        1          1
#gg4metrics - thetares alambdares
    1  0.200000000000000000E+21  0.251249993390059766E-03
    2  0.100000000000000000E+21  0.117486093150729216E-03
    3  0.165112596218596197E-01  0.194702981020997531E-03
    4  0.165112596218589536E-01  0.524770754269320537E-03
    5  0.165084187711716755E-01  0.568186508973859191E-03
    6  0.165055788978803464E-01  0.801959106256475932E-03
    7  0.165055788978803464E-01  0.116058681909524857E-02
    8  0.165000026293739555E-01  0.104556040713538125E-02
    9  0.164944301273829974E-01  0.127681758307983850E-02
   10  0.164944301273832750E-01  0.168356312386078568E-02
   11  0.164863267462039345E-01  0.146076196933526319E-02
   12  0.164782313231707778E-01  0.169602589241302898E-02
   13  0.164782313231711108E-01  0.215046128810805672E-02
   14  0.164679048509801806E-01  0.183688515868519662E-02
   15  0.164575913133381269E-01  0.215315816915589032E-02
   16  0.164575913133377938E-01  0.257841874305761313E-02
   17  0.164454308682959668E-01  0.218291390443691585E-02
   18  0.164332883805894947E-01  0.247430249591061840E-02
   19  0.164332883805892727E-01  0.297518455181527541E-02
   20  0.164197543468424106E-01  0.250323184200628053E-02
   21  0.164062425873160445E-01  0.275503514326122306E-02
   22  0.164062425873162665E-01  0.334472052856758188E-02
   23  0.163918499392780165E-01  0.280008214603392732E-02
   24  0.163774825214842434E-01  0.305676509587329620E-02
   25  0.163774825214845765E-01  0.368908641880196821E-02
   26  0.163627817893745760E-01  0.307453215964533649E-02
   27  0.163481074248961189E-01  0.333543424334311039E-02
   28  0.163481074248960634E-01  0.400927019726851717E-02
   29  0.163336639137118336E-01  0.332694036116655241E-02
   30  0.163192459016101576E-01  0.359132614604091823E-02
   31  0.163192459016104352E-01  0.430562565396888815E-02
   32  0.163056178974335629E-01  0.355722788388210080E-02
   33  0.162920126354266781E-01  0.400220546999912035E-02
   34  0.162920126354266226E-01  0.457814034872073335E-02
   35  0.162797294387714807E-01  0.376505787529511681E-02
   36  0.162674647497439984E-01  0.403410978061919702E-02
   37  0.162674647497438596E-01  0.482662263487602244E-02
   38  0.162570054517232956E-01  0.394996543095840150E-02
   39  0.162465595948412533E-01  0.422023659719753929E-02
   40  0.162465595948412533E-01  0.505084512366880869E-02
   41  0.162383335441452850E-01  0.411146744079330002E-02
   42  0.162301158193556561E-01  0.438228896565438612E-02
   43  0.162301158193556561E-01  0.525066205943955280E-02
   44  0.162244457044785247E-01  0.424914623882584417E-02
   45  0.162187795500138843E-01  0.477822012450072105E-02
   46  0.162187795500138288E-01  0.542610550042147127E-02
   47  0.162158879346781665E-01  0.436271918456875712E-02
   48  0.162129973502398717E-01  0.463301016773796231E-02
   49  0.162129973502396496E-01  0.557746179586959996E-02
   50  0.162129973502398717E-01  0.445208160001318853E-02
   51  0.162129973502398717E-01  0.502614250220775102E-02
   52  0.162129973502398717E-01  0.570532577273041332E-02
   53  0.162158879346780589E-01  0.451732973417976087E-02
   54  0.162187795500137455E-01  0.511577087137814451E-02
   55  0.162187795500139120E-01  0.581063153722397550E-02
   56  0.162244457044785767E-01  0.455874665122330512E-02
   57  0.162301158193556561E-01  0.518349058362308629E-02
   58  0.162301158193556005E-01  0.589465755342963912E-02
   59  0.162383335441452017E-01  0.457675578120305890E-02
   60  0.162465595948412256E-01  0.523037339876805760E-02
   61  0.162465595948413644E-01  0.595900621808971923E-02
   62  0.162570054517234067E-01  0.457183097292949720E-02
   63  0.162674647497441927E-01  0.483708721542637846E-02
   64  0.162674647497439984E-01  0.600555935148128738E-02
   65  0.162797294387712309E-01  0.454435095327620445E-02
   66  0.162920126354268169E-01  0.502748936026679947E-02
   67  0.162920126354263450E-01  0.603641048486610113E-02
   68  0.163056178974332680E-01  0.449439514792313467E-02
   69  0.163192459016103103E-01  0.475847464519112834E-02
   70  0.163192459016101715E-01  0.605377782074965377E-02
   71  0.163336639137119898E-01  0.442142537664025077E-02
   72  0.163481074248959107E-01  0.523639469915520347E-02
   73  0.163481074248959107E-01  0.605989388259812328E-02
   74  0.163627817893744615E-01  0.432382652777230092E-02
   75  0.163774825214847014E-01  0.458724148327301941E-02
   76  0.163774825214843545E-01  0.605686834225291522E-02
   77  0.163918499392781830E-01  0.419812556632606550E-02
   78  0.164062425873160306E-01  0.514698731862331307E-02
   79  0.164062425873159473E-01  0.604649165134532943E-02
   80  0.164197543468427298E-01  0.403767342855869751E-02
   81  0.164332883805895363E-01  0.429815961549608831E-02
   82  0.164332883805898278E-01  0.602991293475144737E-02
   83  0.164454308682960744E-01  0.383001875632588964E-02
   84  0.164575913133375717E-01  0.499338781446434250E-02
   85  0.164575913133379256E-01  0.600695612799790127E-02
   86  0.164679048509796949E-01  0.355128743687564696E-02
   87  0.164782313231706320E-01  0.487994329544712280E-02
   88  0.164782313231709929E-01  0.597428716976740586E-02
   89  0.164863267462041115E-01  0.315193295302814173E-02
   90  0.164944301273826470E-01  0.337092128390631797E-02
   91  0.164944301273830217E-01  0.591875591659749185E-02
   92  0.165000026293745800E-01  0.251275599488846174E-02
   93  0.165055788978817446E-01  0.445254648149236848E-02
   94  0.165055788978803360E-01  0.577813933149679427E-02
   95  0.165084187711716408E-01  0.125721969743465708E-02
   96  0.165112596218534857E-01  0.374598286259268231E-02
   97  0.165112596218577184E-01  0.379606205692399439E-02
   98   0.00000000000000000       0.00000000000000000    
   99   0.00000000000000000       0.00000000000000000    
  100   0.00000000000000000       0.00000000000000000    
  101   0.00000000000000000       0.00000000000000000    
  102   0.00000000000000000       0.00000000000000000    
  103   0.00000000000000000       0.00000000000000000    
  104   0.00000000000000000       0.00000000000000000    
  105   0.00000000000000000       0.00000000000000000    
  106   0.00000000000000000       0.00000000000000000    
  107   0.00000000000000000       0.00000000000000000    
  108   0.00000000000000000       0.00000000000000000    
  109   0.00000000000000000       0.00000000000000000    
  110   0.00000000000000000       0.00000000000000000    
  111   0.00000000000000000       0.00000000000000000    
  112   0.00000000000000000       0.00000000000000000    
  113   0.00000000000000000       0.00000000000000000    
  114   0.00000000000000000       0.00000000000000000    
  115   0.00000000000000000       0.00000000000000000    
  116   0.00000000000000000       0.00000000000000000    
  117   0.00000000000000000       0.00000000000000000    
  118   0.00000000000000000       0.00000000000000000    
  119   0.00000000000000000       0.00000000000000000    
  120   0.00000000000000000       0.00000000000000000    
  121   0.00000000000000000       0.00000000000000000    
  122   0.00000000000000000       0.00000000000000000    
  123   0.00000000000000000       0.00000000000000000    
  124   0.00000000000000000       0.00000000000000000    
  125   0.00000000000000000       0.00000000000000000    
  126   0.00000000000000000       0.00000000000000000    
  127   0.00000000000000000       0.00000000000000000    
  128   0.00000000000000000       0.00000000000000000    
  129   0.00000000000000000       0.00000000000000000    
  130   0.00000000000000000       0.00000000000000000    
  131   0.00000000000000000       0.00000000000000000    
  132   0.00000000000000000       0.00000000000000000    
  133   0.00000000000000000       0.00000000000000000    
  134   0.00000000000000000       0.00000000000000000    
  135   0.00000000000000000       0.00000000000000000    
  136   0.00000000000000000       0.00000000000000000    
  137   0.00000000000000000       0.00000000000000000    
  138   0.00000000000000000       0.00000000000000000    
  139   0.00000000000000000       0.00000000000000000    
  140   0.00000000000000000       0.00000000000000000    
  141   0.00000000000000000       0.00000000000000000    
  142   0.00000000000000000       0.00000000000000000    
  143   0.00000000000000000       0.00000000000000000    
  144   0.00000000000000000       0.00000000000000000    
  145   0.00000000000000000       0.00000000000000000    
  146   0.00000000000000000       0.00000000000000000    
  147   0.00000000000000000       0.00000000000000000    
  148   0.00000000000000000       0.00000000000000000    
  149   0.00000000000000000       0.00000000000000000    
  150   0.00000000000000000       0.00000000000000000    
  151   0.00000000000000000       0.00000000000000000    
  152   0.00000000000000000       0.00000000000000000    
  153   0.00000000000000000       0.00000000000000000    
  154   0.00000000000000000       0.00000000000000000    
  155   0.00000000000000000       0.00000000000000000    
  156   0.00000000000000000       0.00000000000000000    
  157   0.00000000000000000       0.00000000000000000    
  158   0.00000000000000000       0.00000000000000000    
  159   0.00000000000000000       0.00000000000000000    
  160   0.00000000000000000       0.00000000000000000    
  161   0.00000000000000000       0.00000000000000000    
  162   0.00000000000000000       0.00000000000000000    
  163   0.00000000000000000       0.00000000000000000    
  164   0.00000000000000000       0.00000000000000000    
  165   0.00000000000000000       0.00000000000000000    
  166   0.00000000000000000       0.00000000000000000    
  167   0.00000000000000000       0.00000000000000000    
  168   0.00000000000000000       0.00000000000000000    
  169   0.00000000000000000       0.00000000000000000    
  170   0.00000000000000000       0.00000000000000000    
  171   0.00000000000000000       0.00000000000000000    
  172   0.00000000000000000       0.00000000000000000    
  173   0.00000000000000000       0.00000000000000000    
  174   0.00000000000000000       0.00000000000000000    
  175   0.00000000000000000       0.00000000000000000    
  176   0.00000000000000000       0.00000000000000000    
  177   0.00000000000000000       0.00000000000000000    
  178   0.00000000000000000       0.00000000000000000    
  179   0.00000000000000000       0.00000000000000000    
  180   0.00000000000000000       0.00000000000000000    
  181   0.00000000000000000       0.00000000000000000    
  182   0.00000000000000000       0.00000000000000000    
  183   0.00000000000000000       0.00000000000000000    
  184   0.00000000000000000       0.00000000000000000    
  185   0.00000000000000000       0.00000000000000000    
  186   0.00000000000000000       0.00000000000000000    
  187   0.00000000000000000       0.00000000000000000    
  188   0.00000000000000000       0.00000000000000000    
  189   0.00000000000000000       0.00000000000000000    
  190   0.00000000000000000       0.00000000000000000    
  191   0.00000000000000000       0.00000000000000000    
  192   0.00000000000000000       0.00000000000000000    
#gg4results - output grid - thetagrid thetagrid
    1  -3.14159265358979312       1.23000332045958150    
    2  -3.07554761510235464       1.22937593964494396    
    3  -2.97650278026711224       1.22613244225479412    
    4  -2.87751390196181811       1.22019316836126190    
    5  -2.77861211641436823       1.21170562868957599    
    6  -2.67982528851467583       1.20087597835201421    
    7  -2.58117695236564249       1.18795930322722554    
    8  -2.48268540525519876       1.17324813516227233    
    9  -2.38436298999462926       1.15706004020199038    
   10  -2.28621559525207640       1.13972511477266303    
   11  -2.18824239679584309       1.12157413711778675    
   12  -2.09043585445091606       1.10292797732872061    
   13  -1.99278197018108694       1.08408869480586456    
   14  -1.89526080230223393       1.06533257143841587    
   15  -1.79784721983512896       1.04690516188543303    
   16  -1.70051186999636283       1.02901830220759338    
   17  -1.60322232149537602       1.01184891127404275    
   18  -1.47351834269345683      0.990312253785998298    
   19  -1.34374543375466304      0.970550811118478185    
   20  -1.21383873209787585      0.952715643978123916    
   21  -1.08374082440972952      0.936885412890746339    
   22 -0.953350256793949358      0.923078448299853527    
   23 -0.822680843487924252      0.911265713777836273    
   24 -0.691719733509226553      0.901389992363861081    
   25 -0.560415701224150742      0.893381937031363815    
   26 -0.494682547701792430      0.890052293757986002    
   27 -0.428852182448441699      0.887163582662393813    
   28 -0.362980537175424889      0.884703623653105509    
   29 -0.297067611882742000      0.882664492411183277    
   30 -0.231089891373209344      0.881044349986583764    
   31 -0.165089873322681491      0.879832952359999143    
   32 -0.990675577311584260E-01  0.879025927971510690    
   33 -0.856218620597837931E-15  0.878573800328272259    
   34  0.990675577311567052E-01  0.879025927971510690    
   35  0.165089873322676328      0.879832952359999143    
   36  0.231089891373211759      0.881044349986583764    
   37  0.297067611882740279      0.882664492411183277    
   38  0.362980537175425333      0.884703623653105509    
   39  0.428852182448441366      0.887163582662393813    
   40  0.494682547701791209      0.890052293757986002    
   41  0.560415701224151519      0.893381937031363815    
   42  0.691719733509225332      0.901389992363861081    
   43  0.822680843487924585      0.911265713777836273    
   44  0.953350256793948136      0.923078448299853527    
   45   1.08374082440972885      0.936885412890746339    
   46   1.21383873209787541      0.952715643978123916    
   47   1.34374543375466282      0.970550811118478185    
   48   1.47351834269345661      0.990312253785998298    
   49   1.60322232149537536       1.01184891127404275    
   50   1.70051186999636217       1.02901830220759338    
   51   1.79784721983512918       1.04690516188543303    
   52   1.89526080230223437       1.06533257143841587    
   53   1.99278197018108649       1.08408869480586456    
   54   2.09043585445091651       1.10292797732872061    
   55   2.18824239679584398       1.12157413711778675    
   56   2.28621559525207640       1.13972511477266303    
   57   2.38436298999463059       1.15706004020199038    
   58   2.48268540525520010       1.17324813516227233    
   59   2.58117695236564026       1.18795930322722554    
   60   2.67982528851467272       1.20087597835201421    
   61   2.77861211641436956       1.21170562868957599    
   62   2.87751390196182033       1.22019316836126190    
   63   2.97650278026711623       1.22613244225479412    
   64   3.07554761510235997       1.22937593964494396    
   65   3.14159265358979312       1.23000332045958150    
#gg4results - output 1/lambda - bset bset
    1   1.23000332045958150       1.23000332045958150    
    2   1.22937593964494396       1.22937593964494396    
    3   1.22613244225479412       1.22613244225479412    
    4   1.22019316836126190       1.22019316836126190    
    5   1.21170562868957599       1.21170562868957599    
    6   1.20087597835201421       1.20087597835201421    
    7   1.18795930322722554       1.18795930322722554    
    8   1.17324813516227233       1.17324813516227233    
    9   1.15706004020199038       1.15706004020199038    
   10   1.13972511477266303       1.13972511477266303    
   11   1.12157413711778675       1.12157413711778675    
   12   1.10292797732872061       1.10292797732872061    
   13   1.08408869480586456       1.08408869480586456    
   14   1.06533257143841587       1.06533257143841587    
   15   1.04690516188543303       1.04690516188543303    
   16   1.02901830220759338       1.02901830220759338    
   17   1.01184891127404275       1.01184891127404275    
   18  0.990312253785998298      0.990312253785998298    
   19  0.970550811118478185      0.970550811118478185    
   20  0.952715643978123916      0.952715643978123916    
   21  0.936885412890746339      0.936885412890746339    
   22  0.923078448299853527      0.923078448299853527    
   23  0.911265713777836273      0.911265713777836273    
   24  0.901389992363861081      0.901389992363861081    
   25  0.893381937031363815      0.893381937031363815    
   26  0.890052293757986002      0.890052293757986002    
   27  0.887163582662393813      0.887163582662393813    
   28  0.884703623653105509      0.884703623653105509    
   29  0.882664492411183277      0.882664492411183277    
   30  0.881044349986583764      0.881044349986583764    
   31  0.879832952359999143      0.879832952359999143    
   32  0.879025927971510690      0.879025927971510690    
   33  0.878573800328272259      0.878573800328272259    
