 nbmag=          33
 thetain,bmagin=
  -3.1415926535897936        1.2134986891284878     
  -2.9360342494024567        1.2086378543891287     
  -2.7274599558910992        1.1945758382108620     
  -2.5137295878660280        1.1726838575809950     
  -2.2942316631382691        1.1447840867480978     
  -2.0701444592161540        1.1128150152147058     
  -1.8442380848031541        1.0786497479000288     
  -1.6202775110119572        1.0440105325008087     
  -1.4021976702136063        1.0104205044223444     
  -1.1932799285323130       0.97916846861629003     
 -0.99554646899202048       0.95127589740526464     
 -0.80951070797930569       0.92746003654630460     
 -0.63430365160243363       0.90810677953598318     
 -0.46807737579097591       0.89329477412432445     
 -0.30850919583828090       0.88290092668740072     
 -0.15322216679299344       0.87674815123999827     
  -2.8090994770350646E-016  0.87471113317181248     
  0.15322216679299339       0.87674815123999827     
  0.30850919583828085       0.88290092668740072     
  0.46807737579097586       0.89329477412432445     
  0.63430365160243352       0.90810677953598318     
  0.80951070797930558       0.92746003654630471     
  0.99554646899202015       0.95127589740526464     
   1.1932799285323126       0.97916846861629003     
   1.4021976702136065        1.0104205044223444     
   1.6202775110119574        1.0440105325008087     
   1.8442380848031548        1.0786497479000288     
   2.0701444592161549        1.1128150152147058     
   2.2942316631382691        1.1447840867480978     
   2.5137295878660284        1.1726838575809950     
   2.7274599558910997        1.1945758382108620     
   2.9360342494024567        1.2086378543891287     
   3.1415926535897927        1.2134986891284878     
 alknob=   0.0000000000000000     
 epsknob=   1.0000000000000001E-005
 bpknob=   1.0000000000000000E-008
 extrknob=   0.0000000000000000     
 thetamax=   0.0000000000000000     
 deltaw,widthw=   0.0000000000000000        1.0000000000000000     
 tension=   1.0000000000000000     
 ntheta,nlambda=          32          17
#gg4init - input grid - thetain bmagin 
    1  -3.14159265358979356       1.21349868912848780    
    2  -2.93603424940245672       1.20863785438912874    
    3  -2.72745995589109924       1.19457583821086200    
    4  -2.51372958786602796       1.17268385758099503    
    5  -2.29423166313826910       1.14478408674809784    
    6  -2.07014445921615398       1.11281501521470583    
    7  -1.84423808480315410       1.07864974790002877    
    8  -1.62027751101195716       1.04401053250080866    
    9  -1.40219767021360631       1.01042050442234443    
   10  -1.19327992853231302      0.979168468616290033    
   11 -0.995546468992020483      0.951275897405264637    
   12 -0.809510707979305688      0.927460036546304600    
   13 -0.634303651602433627      0.908106779535983177    
   14 -0.468077375790975914      0.893294774124324453    
   15 -0.308509195838280903      0.882900926687400722    
   16 -0.153222166792993442      0.876748151239998275    
   17 -0.280909947703506464E-15  0.874711133171812483    
   18  0.153222166792993386      0.876748151239998275    
   19  0.308509195838280847      0.882900926687400722    
   20  0.468077375790975858      0.893294774124324453    
   21  0.634303651602433516      0.908106779535983177    
   22  0.809510707979305577      0.927460036546304711    
   23  0.995546468992020150      0.951275897405264637    
   24   1.19327992853231257      0.979168468616290033    
   25   1.40219767021360653       1.01042050442234443    
   26   1.62027751101195738       1.04401053250080866    
   27   1.84423808480315476       1.07864974790002877    
   28   2.07014445921615486       1.11281501521470583    
   29   2.29423166313826910       1.14478408674809784    
   30   2.51372958786602840       1.17268385758099503    
   31   2.72745995589109969       1.19457583821086200    
   32   2.93603424940245672       1.20863785438912874    
   33   3.14159265358979267       1.21349868912848780    
#gg4start - starting grid - thetastart thetastart
    1  -3.14159265358979356      -3.14159265358979356    
    2 -0.280909947703506464E-15 -0.280909947703506464E-15
    3  -3.07307318552734809      -3.07307318552734809    
    4  -3.00455371746490218      -3.00455371746490218    
    5  -2.93603424940245672      -2.93603424940245672    
    6  -2.86650948489867075      -2.86650948489867075    
    7  -2.79698472039488522      -2.79698472039488522    
    8  -2.72745995589109924      -2.72745995589109924    
    9  -2.65621649988274200      -2.65621649988274200    
   10  -2.58497304387438520      -2.58497304387438520    
   11  -2.51372958786602796      -2.51372958786602796    
   12  -2.44056361295677515      -2.44056361295677515    
   13  -2.36739763804752190      -2.36739763804752190    
   14  -2.29423166313826910      -2.29423166313826910    
   15  -2.21953592849756420      -2.21953592849756420    
   16  -2.14484019385685887      -2.14484019385685887    
   17  -2.07014445921615398      -2.07014445921615398    
   18  -1.99484233441182068      -1.99484233441182068    
   19  -1.91954020960748739      -1.91954020960748739    
   20  -1.84423808480315410      -1.84423808480315410    
   21  -1.76958456020608845      -1.76958456020608845    
   22  -1.69493103560902281      -1.69493103560902281    
   23  -1.62027751101195716      -1.62027751101195716    
   24  -1.54758423074584028      -1.54758423074584028    
   25  -1.47489095047972318      -1.47489095047972318    
   26  -1.40219767021360631      -1.40219767021360631    
   27  -1.33255842298650862      -1.33255842298650862    
   28  -1.26291917575941071      -1.26291917575941071    
   29  -1.19327992853231302      -1.19327992853231302    
   30  -1.12736877535221547      -1.12736877535221547    
   31  -1.06145762217211792      -1.06145762217211792    
   32 -0.995546468992020483     -0.995546468992020483    
   33 -0.933534548654448848     -0.933534548654448848    
   34 -0.871522628316877324     -0.871522628316877324    
   35 -0.809510707979305688     -0.809510707979305688    
   36 -0.751108355853681631     -0.751108355853681631    
   37 -0.692706003728057684     -0.692706003728057684    
   38 -0.634303651602433627     -0.634303651602433627    
   39 -0.578894892998614408     -0.578894892998614408    
   40 -0.523486134394795188     -0.523486134394795188    
   41 -0.468077375790975914     -0.468077375790975914    
   42 -0.414887982473410910     -0.414887982473410910    
   43 -0.361698589155845907     -0.361698589155845907    
   44 -0.308509195838280903     -0.308509195838280903    
   45 -0.256746852823185101     -0.256746852823185101    
   46 -0.204984509808089244     -0.204984509808089244    
   47 -0.153222166792993442     -0.153222166792993442    
   48 -0.102148111195329044     -0.102148111195329044    
   49 -0.510740555976646610E-01 -0.510740555976646610E-01
   50  0.510740555976642793E-01  0.510740555976642793E-01
   51  0.102148111195328836      0.102148111195328836    
   52  0.153222166792993386      0.153222166792993386    
   53  0.204984509808089216      0.204984509808089216    
   54  0.256746852823185046      0.256746852823185046    
   55  0.308509195838280847      0.308509195838280847    
   56  0.361698589155845851      0.361698589155845851    
   57  0.414887982473410855      0.414887982473410855    
   58  0.468077375790975858      0.468077375790975858    
   59  0.523486134394795077      0.523486134394795077    
   60  0.578894892998614297      0.578894892998614297    
   61  0.634303651602433516      0.634303651602433516    
   62  0.692706003728057573      0.692706003728057573    
   63  0.751108355853681520      0.751108355853681520    
   64  0.809510707979305577      0.809510707979305577    
   65  0.871522628316877102      0.871522628316877102    
   66  0.933534548654448626      0.933534548654448626    
   67  0.995546468992020150      0.995546468992020150    
   68   1.06145762217211770       1.06145762217211770    
   69   1.12736877535221502       1.12736877535221502    
   70   1.19327992853231257       1.19327992853231257    
   71   1.26291917575941048       1.26291917575941048    
   72   1.33255842298650862       1.33255842298650862    
   73   1.40219767021360653       1.40219767021360653    
   74   1.47489095047972341       1.47489095047972341    
   75   1.54758423074584051       1.54758423074584051    
   76   1.62027751101195738       1.62027751101195738    
   77   1.69493103560902325       1.69493103560902325    
   78   1.76958456020608890       1.76958456020608890    
   79   1.84423808480315476       1.84423808480315476    
   80   1.91954020960748806       1.91954020960748806    
   81   1.99484233441182157       1.99484233441182157    
   82   2.07014445921615486       2.07014445921615486    
   83   2.14484019385685976       2.14484019385685976    
   84   2.21953592849756420       2.21953592849756420    
   85   2.29423166313826910       2.29423166313826910    
   86   2.36739763804752235       2.36739763804752235    
   87   2.44056361295677515       2.44056361295677515    
   88   2.51372958786602840       2.51372958786602840    
   89   2.58497304387438565       2.58497304387438565    
   90   2.65621649988274244       2.65621649988274244    
   91   2.72745995589109969       2.72745995589109969    
   92   2.79698472039488522       2.79698472039488522    
   93   2.86650948489867119       2.86650948489867119    
   94   2.93603424940245672       2.93603424940245672    
   95   3.00455371746490218       3.00455371746490218    
   96   3.07307318552734721       3.07307318552734721    
#gg4start - starting field - bmagstart bmagstart
    1   1.21349868912848780       1.21349868912848780    
    2  0.874711133171812483      0.874711133171812483    
    3   1.21292614723824155       1.21292614723824155    
    4   1.21129464838785061       1.21129464838785061    
    5   1.20863785438912874       1.20863785438912874    
    6   1.20487090423856325       1.20487090423856325    
    7   1.20015590348976398       1.20015590348976398    
    8   1.19457583821086200       1.19457583821086200    
    9   1.18798819835541303       1.18798819835541303    
   10   1.18065877787916196       1.18065877787916196    
   11   1.17268385758099480       1.17268385758099480    
   12   1.16387065483542917       1.16387065483542917    
   13   1.15454291069847370       1.15454291069847370    
   14   1.14478408674809784       1.14478408674809784    
   15   1.13442368664702076       1.13442368664702076    
   16   1.12374651226186084       1.12374651226186084    
   17   1.11281501521470583       1.11281501521470583    
   18   1.10157545240899690       1.10157545240899690    
   19   1.09017211510488776       1.09017211510488776    
   20   1.07864974790002877       1.07864974790002877    
   21   1.06714041372489654       1.06714041372489654    
   22   1.05558245227033809       1.05558245227033809    
   23   1.04401053250080866       1.04401053250080866    
   24   1.03275910311262731       1.03275910311262731    
   25   1.02155163745670019       1.02155163745670019    
   26   1.01042050442234443       1.01042050442234443    
   27  0.999862859366133394      0.999862859366133394    
   28  0.989433698401376627      0.989433698401376627    
   29  0.979168468616290033      0.979168468616290033    
   30  0.969645383770515124      0.969645383770515124    
   31  0.960334693608520085      0.960334693608520085    
   32  0.951275897405264637      0.951275897405264637    
   33  0.943031130515590399      0.943031130515590399    
   34  0.935079354862865864      0.935079354862865864    
   35  0.927460036546304711      0.927460036546304711    
   36  0.920637875159252328      0.920637875159252328    
   37  0.914175799143291057      0.914175799143291057    
   38  0.908106779535983177      0.908106779535983177    
   39  0.902756836592362388      0.902756836592362388    
   40  0.897811907409665100      0.897811907409665100    
   41  0.893294774124324564      0.893294774124324564    
   42  0.889396890095603521      0.889396890095603521    
   43  0.885927688286307080      0.885927688286307080    
   44  0.882900926687400722      0.882900926687400722    
   45  0.880407882993892832      0.880407882993892832    
   46  0.878354454494543635      0.878354454494543635    
   47  0.876748151239998275      0.876748151239998275    
   48  0.875623151579837611      0.875623151579837611    
   49  0.874943319797018226      0.874943319797018226    
   50   0.00000000000000000       0.00000000000000000    
   51   0.00000000000000000       0.00000000000000000    
   52   0.00000000000000000       0.00000000000000000    
   53   0.00000000000000000       0.00000000000000000    
   54   0.00000000000000000       0.00000000000000000    
   55   0.00000000000000000       0.00000000000000000    
   56   0.00000000000000000       0.00000000000000000    
   57   0.00000000000000000       0.00000000000000000    
   58   0.00000000000000000       0.00000000000000000    
   59   0.00000000000000000       0.00000000000000000    
   60   0.00000000000000000       0.00000000000000000    
   61   0.00000000000000000       0.00000000000000000    
   62   0.00000000000000000       0.00000000000000000    
   63   0.00000000000000000       0.00000000000000000    
   64   0.00000000000000000       0.00000000000000000    
   65   0.00000000000000000       0.00000000000000000    
   66   0.00000000000000000       0.00000000000000000    
   67   0.00000000000000000       0.00000000000000000    
   68   0.00000000000000000       0.00000000000000000    
   69   0.00000000000000000       0.00000000000000000    
   70   0.00000000000000000       0.00000000000000000    
   71   0.00000000000000000       0.00000000000000000    
   72   0.00000000000000000       0.00000000000000000    
   73   0.00000000000000000       0.00000000000000000    
   74   0.00000000000000000       0.00000000000000000    
   75   0.00000000000000000       0.00000000000000000    
   76   0.00000000000000000       0.00000000000000000    
   77   0.00000000000000000       0.00000000000000000    
   78   0.00000000000000000       0.00000000000000000    
   79   0.00000000000000000       0.00000000000000000    
   80   0.00000000000000000       0.00000000000000000    
   81   0.00000000000000000       0.00000000000000000    
   82   0.00000000000000000       0.00000000000000000    
   83   0.00000000000000000       0.00000000000000000    
   84   0.00000000000000000       0.00000000000000000    
   85   0.00000000000000000       0.00000000000000000    
   86   0.00000000000000000       0.00000000000000000    
   87   0.00000000000000000       0.00000000000000000    
   88   0.00000000000000000       0.00000000000000000    
   89   0.00000000000000000       0.00000000000000000    
   90   0.00000000000000000       0.00000000000000000    
   91   0.00000000000000000       0.00000000000000000    
   92   0.00000000000000000       0.00000000000000000    
   93   0.00000000000000000       0.00000000000000000    
   94   0.00000000000000000       0.00000000000000000    
   95   0.00000000000000000       0.00000000000000000    
   96   0.00000000000000000       0.00000000000000000    
#gg4start - essentialstart
           1 T
           2 T
           3 F
           4 F
           5 F
           6 F
           7 F
           8 F
           9 F
          10 F
          11 F
          12 F
          13 F
          14 F
          15 F
          16 F
          17 F
          18 F
          19 F
          20 F
          21 F
          22 F
          23 F
          24 F
          25 F
          26 F
          27 F
          28 F
          29 F
          30 F
          31 F
          32 F
          33 F
          34 F
          35 F
          36 F
          37 F
          38 F
          39 F
          40 F
          41 F
          42 F
          43 F
          44 F
          45 F
          46 F
          47 F
          48 F
          49 F
          50 F
          51 F
          52 F
          53 F
          54 F
          55 F
          56 F
          57 F
          58 F
          59 F
          60 F
          61 F
          62 F
          63 F
          64 F
          65 F
          66 F
          67 F
          68 F
          69 F
          70 F
          71 F
          72 F
          73 F
          74 F
          75 F
          76 F
          77 F
          78 F
          79 F
          80 F
          81 F
          82 F
          83 F
          84 F
          85 F
          86 F
          87 F
          88 F
          89 F
          90 F
          91 F
          92 F
          93 F
          94 F
          95 F
          96 F
# gg4collect - bmagset bmagset
    1   1.21349868912848780       1.21349868912848780    
    2  0.874711133171812483      0.874711133171812483    
    3   1.21292614723824155       1.21292614723824155    
    4   1.21129464838785061       1.21129464838785061    
    5   1.20863785438912874       1.20863785438912874    
    6   1.20487090423856325       1.20487090423856325    
    7   1.20015590348976398       1.20015590348976398    
    8   1.19457583821086200       1.19457583821086200    
    9   1.18798819835541303       1.18798819835541303    
   10   1.18065877787916196       1.18065877787916196    
   11   1.17268385758099480       1.17268385758099480    
   12   1.16387065483542917       1.16387065483542917    
   13   1.15454291069847370       1.15454291069847370    
   14   1.14478408674809784       1.14478408674809784    
   15   1.13442368664702076       1.13442368664702076    
   16   1.12374651226186084       1.12374651226186084    
   17   1.11281501521470583       1.11281501521470583    
   18   1.10157545240899690       1.10157545240899690    
   19   1.09017211510488776       1.09017211510488776    
   20   1.07864974790002877       1.07864974790002877    
   21   1.06714041372489654       1.06714041372489654    
   22   1.05558245227033809       1.05558245227033809    
   23   1.04401053250080866       1.04401053250080866    
   24   1.03275910311262731       1.03275910311262731    
   25   1.02155163745670019       1.02155163745670019    
   26   1.01042050442234443       1.01042050442234443    
   27  0.999862859366133394      0.999862859366133394    
   28  0.989433698401376627      0.989433698401376627    
   29  0.979168468616290033      0.979168468616290033    
   30  0.969645383770515124      0.969645383770515124    
   31  0.960334693608520085      0.960334693608520085    
   32  0.951275897405264637      0.951275897405264637    
   33  0.943031130515590399      0.943031130515590399    
   34  0.935079354862865864      0.935079354862865864    
   35  0.927460036546304711      0.927460036546304711    
   36  0.920637875159252328      0.920637875159252328    
   37  0.914175799143291057      0.914175799143291057    
   38  0.908106779535983177      0.908106779535983177    
   39  0.902756836592362388      0.902756836592362388    
   40  0.897811907409665100      0.897811907409665100    
   41  0.893294774124324564      0.893294774124324564    
   42  0.889396890095603521      0.889396890095603521    
   43  0.885927688286307080      0.885927688286307080    
   44  0.882900926687400722      0.882900926687400722    
   45  0.880407882993892832      0.880407882993892832    
   46  0.878354454494543635      0.878354454494543635    
   47  0.876748151239998275      0.876748151239998275    
   48  0.875623151579837611      0.875623151579837611    
   49  0.874943319797018226      0.874943319797018226    
   50   0.00000000000000000       0.00000000000000000    
   51   0.00000000000000000       0.00000000000000000    
   52   0.00000000000000000       0.00000000000000000    
   53   0.00000000000000000       0.00000000000000000    
   54   0.00000000000000000       0.00000000000000000    
   55   0.00000000000000000       0.00000000000000000    
   56   0.00000000000000000       0.00000000000000000    
   57   0.00000000000000000       0.00000000000000000    
   58   0.00000000000000000       0.00000000000000000    
   59   0.00000000000000000       0.00000000000000000    
   60   0.00000000000000000       0.00000000000000000    
   61   0.00000000000000000       0.00000000000000000    
   62   0.00000000000000000       0.00000000000000000    
   63   0.00000000000000000       0.00000000000000000    
   64   0.00000000000000000       0.00000000000000000    
   65   0.00000000000000000       0.00000000000000000    
   66   0.00000000000000000       0.00000000000000000    
   67   0.00000000000000000       0.00000000000000000    
   68   0.00000000000000000       0.00000000000000000    
   69   0.00000000000000000       0.00000000000000000    
   70   0.00000000000000000       0.00000000000000000    
   71   0.00000000000000000       0.00000000000000000    
   72   0.00000000000000000       0.00000000000000000    
   73   0.00000000000000000       0.00000000000000000    
   74   0.00000000000000000       0.00000000000000000    
   75   0.00000000000000000       0.00000000000000000    
   76   0.00000000000000000       0.00000000000000000    
   77   0.00000000000000000       0.00000000000000000    
   78   0.00000000000000000       0.00000000000000000    
   79   0.00000000000000000       0.00000000000000000    
   80   0.00000000000000000       0.00000000000000000    
   81   0.00000000000000000       0.00000000000000000    
   82   0.00000000000000000       0.00000000000000000    
   83   0.00000000000000000       0.00000000000000000    
   84   0.00000000000000000       0.00000000000000000    
   85   0.00000000000000000       0.00000000000000000    
   86   0.00000000000000000       0.00000000000000000    
   87   0.00000000000000000       0.00000000000000000    
   88   0.00000000000000000       0.00000000000000000    
   89   0.00000000000000000       0.00000000000000000    
   90   0.00000000000000000       0.00000000000000000    
   91   0.00000000000000000       0.00000000000000000    
   92   0.00000000000000000       0.00000000000000000    
   93   0.00000000000000000       0.00000000000000000    
   94   0.00000000000000000       0.00000000000000000    
   95   0.00000000000000000       0.00000000000000000    
   96   0.00000000000000000       0.00000000000000000    
# gg4collect - thetasetset ibmagsetset icollsetset
    1  -3.14159265358979356        1          2
    2 -0.280909947703506464E-15    2          2
    3  -3.07307318552734809        3          2
    4   3.07307318552733966        3       3222
    5  -3.00455371746490218        4          2
    6   3.00455371746490973        4       3222
    7  -2.93603424940245672        5          2
    8   2.93603424940245672        5        331
    9  -2.86650948489867075        6          2
   10   2.86650948489867208        6       3222
   11  -2.79698472039488522        7          2
   12   2.79698472039488433        7       3222
   13  -2.72745995589109924        8          2
   14   2.72745995589109969        8        331
   15  -2.65621649988274200        9          2
   16   2.65621649988274111        9       3222
   17  -2.58497304387438520       10          2
   18   2.58497304387438742       10       3222
   19  -2.51372958786602796       11          2
   20   2.51372958786602663       11       3222
   21  -2.44056361295677515       12          2
   22   2.44056361295677426       12       3222
   23  -2.36739763804752190       13          2
   24   2.36739763804752057       13       3222
   25  -2.29423166313826910       14          2
   26   2.29423166313826910       14        331
   27  -2.21953592849756420       15          2
   28   2.21953592849756376       15       3222
   29  -2.14484019385685887       16          2
   30   2.14484019385685842       16       3222
   31  -2.07014445921615398       17          2
   32   2.07014445921615486       17        331
   33  -1.99484233441182068       18          2
   34   1.99484233441182246       18       3222
   35  -1.91954020960748739       19          2
   36   1.91954020960748872       19       3222
   37  -1.84423808480315410       20          2
   38   1.84423808480315476       20        331
   39  -1.76958456020608845       21          2
   40   1.76958456020608845       21       3222
   41  -1.69493103560902281       22          2
   42   1.69493103560902325       22       3222
   43  -1.62027751101195716       23          2
   44   1.62027751101195738       23        331
   45  -1.54758423074584028       24          2
   46   1.54758423074584006       24       3222
   47  -1.47489095047972318       25          2
   48   1.47489095047972230       25       3222
   49  -1.40219767021360631       26          2
   50   1.40219767021360653       26        331
   51  -1.33255842298650862       27          2
   52   1.33255842298650728       27       3222
   53  -1.26291917575941071       28          2
   54   1.26291917575941071       28       3222
   55  -1.19327992853231302       29          2
   56   1.19327992853231257       29        331
   57  -1.12736877535221547       30          2
   58   1.12736877535221547       30       3222
   59  -1.06145762217211792       31          2
   60   1.06145762217211814       31       3222
   61 -0.995546468992020483       32          2
   62  0.995546468992020150       32        331
   63 -0.933534548654448848       33          2
   64  0.933534548654448182       33       3222
   65 -0.871522628316877324       34          2
   66  0.871522628316877546       34       3222
   67 -0.809510707979305688       35          2
   68  0.809510707979305577       35        331
   69 -0.751108355853681631       36          2
   70  0.751108355853682408       36       3222
   71 -0.692706003728057684       37          2
   72  0.692706003728056574       37       3222
   73 -0.634303651602433627       38          2
   74  0.634303651602433516       38        331
   75 -0.578894892998614408       39          2
   76  0.578894892998614075       39       3222
   77 -0.523486134394795188       40          2
   78  0.523486134394794078       40       3222
   79 -0.468077375790975914       41          2
   80  0.468077375790977301       41       3222
   81 -0.414887982473410910       42          2
   82  0.414887982473411632       42       3222
   83 -0.361698589155845907       43          2
   84  0.361698589155845074       43       3222
   85 -0.308509195838280903       44          2
   86  0.308509195838280847       44        331
   87 -0.256746852823185101       45          2
   88  0.256746852823183436       45       3222
   89 -0.204984509808089244       46          2
   90  0.204984509808090604       46       3222
   91 -0.153222166792993442       47          2
   92  0.153222166792993386       47        331
   93 -0.102148111195329044       48          2
   94  0.102148111195340424       48       3222
   95 -0.510740555976646610E-01   49          2
   96  0.510740555976700733E-01   49       3222
#gg4sort - thetasetset ithetasort ithetasort
    1  -3.14159265358979356        1          1
    2 -0.280909947703506464E-15    3          3
    3  -3.07307318552734809        5          5
    4   3.07307318552733966        7          7
    5  -3.00455371746490218        9          9
    6   3.00455371746490973       11         11
    7  -2.93603424940245672       13         13
    8   2.93603424940245672       15         15
    9  -2.86650948489867075       17         17
   10   2.86650948489867208       19         19
   11  -2.79698472039488522       21         21
   12   2.79698472039488433       23         23
   13  -2.72745995589109924       25         25
   14   2.72745995589109969       27         27
   15  -2.65621649988274200       29         29
   16   2.65621649988274111       31         31
   17  -2.58497304387438520       33         33
   18   2.58497304387438742       35         35
   19  -2.51372958786602796       37         37
   20   2.51372958786602663       39         39
   21  -2.44056361295677515       41         41
   22   2.44056361295677426       43         43
   23  -2.36739763804752190       45         45
   24   2.36739763804752057       47         47
   25  -2.29423166313826910       49         49
   26   2.29423166313826910       51         51
   27  -2.21953592849756420       53         53
   28   2.21953592849756376       55         55
   29  -2.14484019385685887       57         57
   30   2.14484019385685842       59         59
   31  -2.07014445921615398       61         61
   32   2.07014445921615486       63         63
   33  -1.99484233441182068       65         65
   34   1.99484233441182246       67         67
   35  -1.91954020960748739       69         69
   36   1.91954020960748872       71         71
   37  -1.84423808480315410       73         73
   38   1.84423808480315476       75         75
   39  -1.76958456020608845       77         77
   40   1.76958456020608845       79         79
   41  -1.69493103560902281       81         81
   42   1.69493103560902325       83         83
   43  -1.62027751101195716       85         85
   44   1.62027751101195738       87         87
   45  -1.54758423074584028       89         89
   46   1.54758423074584006       91         91
   47  -1.47489095047972318       93         93
   48   1.47489095047972230       95         95
   49  -1.40219767021360631        2          2
   50   1.40219767021360653       96         96
   51  -1.33255842298650862       94         94
   52   1.33255842298650728       92         92
   53  -1.26291917575941071       90         90
   54   1.26291917575941071       88         88
   55  -1.19327992853231302       86         86
   56   1.19327992853231257       84         84
   57  -1.12736877535221547       82         82
   58   1.12736877535221547       80         80
   59  -1.06145762217211792       78         78
   60   1.06145762217211814       76         76
   61 -0.995546468992020483       74         74
   62  0.995546468992020150       72         72
   63 -0.933534548654448848       70         70
   64  0.933534548654448182       68         68
   65 -0.871522628316877324       66         66
   66  0.871522628316877546       64         64
   67 -0.809510707979305688       62         62
   68  0.809510707979305577       60         60
   69 -0.751108355853681631       58         58
   70  0.751108355853682408       56         56
   71 -0.692706003728057684       54         54
   72  0.692706003728056574       52         52
   73 -0.634303651602433627       50         50
   74  0.634303651602433516       48         48
   75 -0.578894892998614408       46         46
   76  0.578894892998614075       44         44
   77 -0.523486134394795188       42         42
   78  0.523486134394794078       40         40
   79 -0.468077375790975914       38         38
   80  0.468077375790977301       36         36
   81 -0.414887982473410910       34         34
   82  0.414887982473411632       32         32
   83 -0.361698589155845907       30         30
   84  0.361698589155845074       28         28
   85 -0.308509195838280903       26         26
   86  0.308509195838280847       24         24
   87 -0.256746852823185101       22         22
   88  0.256746852823183436       20         20
   89 -0.204984509808089244       18         18
   90  0.204984509808090604       16         16
   91 -0.153222166792993442       14         14
   92  0.153222166792993386       12         12
   93 -0.102148111195329044       10         10
   94  0.102148111195340424        8          8
   95 -0.510740555976646610E-01    6          6
   96  0.510740555976700733E-01    4          4
#gg4sort - bmagset ibmagsort ibmagsort
    1   1.21349868912848780       96         96
    2  0.874711133171812483       61         61
    3   1.21292614723824155       70         70
    4   1.21129464838785061       69         69
    5   1.20863785438912874       68         68
    6   1.20487090423856325       67         67
    7   1.20015590348976398       66         66
    8   1.19457583821086200       65         65
    9   1.18798819835541303       64         64
   10   1.18065877787916196       63         63
   11   1.17268385758099480       62         62
   12   1.16387065483542917       60         60
   13   1.15454291069847370       72         72
   14   1.14478408674809784       59         59
   15   1.13442368664702076       58         58
   16   1.12374651226186084       57         57
   17   1.11281501521470583       56         56
   18   1.10157545240899690       55         55
   19   1.09017211510488776       54         54
   20   1.07864974790002877       53         53
   21   1.06714041372489654       52         52
   22   1.05558245227033809       51         51
   23   1.04401053250080866       71         71
   24   1.03275910311262731       73         73
   25   1.02155163745670019       50         50
   26   1.01042050442234443       74         74
   27  0.999862859366133394       86         86
   28  0.989433698401376627       95         95
   29  0.979168468616290033       94         94
   30  0.969645383770515124       93         93
   31  0.960334693608520085       92         92
   32  0.951275897405264637       91         91
   33  0.943031130515590399       90         90
   34  0.935079354862865864       89         89
   35  0.927460036546304711       88         88
   36  0.920637875159252328       87         87
   37  0.914175799143291057       85         85
   38  0.908106779535983177       75         75
   39  0.902756836592362388       84         84
   40  0.897811907409665100       83         83
   41  0.893294774124324564       82         82
   42  0.889396890095603521       81         81
   43  0.885927688286307080       80         80
   44  0.882900926687400722       79         79
   45  0.880407882993892832       78         78
   46  0.878354454494543635       77         77
   47  0.876748151239998275       76         76
   48  0.875623151579837611        2          2
   49  0.874943319797018226       49         49
   50   0.00000000000000000       48         48
   51   0.00000000000000000       47         47
   52   0.00000000000000000       46         46
   53   0.00000000000000000       45         45
   54   0.00000000000000000       44         44
   55   0.00000000000000000       43         43
   56   0.00000000000000000       42         42
   57   0.00000000000000000       41         41
   58   0.00000000000000000       40         40
   59   0.00000000000000000       39         39
   60   0.00000000000000000       38         38
   61   0.00000000000000000       37         37
   62   0.00000000000000000       36         36
   63   0.00000000000000000       35         35
   64   0.00000000000000000       34         34
   65   0.00000000000000000       33         33
   66   0.00000000000000000       32         32
   67   0.00000000000000000       31         31
   68   0.00000000000000000       30         30
   69   0.00000000000000000       29         29
   70   0.00000000000000000       28         28
   71   0.00000000000000000       27         27
   72   0.00000000000000000       26         26
   73   0.00000000000000000       25         25
   74   0.00000000000000000       24         24
   75   0.00000000000000000       23         23
   76   0.00000000000000000       22         22
   77   0.00000000000000000       21         21
   78   0.00000000000000000       20         20
   79   0.00000000000000000       19         19
   80   0.00000000000000000       18         18
   81   0.00000000000000000       17         17
   82   0.00000000000000000       16         16
   83   0.00000000000000000       15         15
   84   0.00000000000000000       14         14
   85   0.00000000000000000       13         13
   86   0.00000000000000000       12         12
   87   0.00000000000000000       11         11
   88   0.00000000000000000       10         10
   89   0.00000000000000000        9          9
   90   0.00000000000000000        8          8
   91   0.00000000000000000        7          7
   92   0.00000000000000000        6          6
   93   0.00000000000000000        5          5
   94   0.00000000000000000        4          4
   95   0.00000000000000000        3          3
   96   0.00000000000000000        1          1
#gg4metrics - thetares alambdares
    1  0.200000000000000000E+21  0.786537906869114981E-03
    2  0.100000000000000000E+21  0.485732166024242752E-03
    3  0.342597340312228438E-01  0.629102162451840156E-03
    4  0.342597340312217891E-01  0.170931755223961918E-02
    5  0.345092278931734414E-01  0.170187941972661902E-02
    6  0.347623822518929870E-01  0.242858833458472253E-02
    7  0.347623822518929870E-01  0.369450624012353668E-02
    8  0.351868090922523996E-01  0.305377246904867203E-02
    9  0.356217280041782880E-01  0.377243069093396955E-02
   10  0.356217280041785656E-01  0.525264005575267010E-02
   11  0.360959591186944262E-01  0.415316992145667394E-02
   12  0.365829874546265144E-01  0.527179618085122162E-02
   13  0.365829874546264033E-01  0.658700579218711793E-02
   14  0.369614707092473654E-01  0.508369977067758307E-02
   15  0.373478673203526124E-01  0.632610031126541652E-02
   16  0.373478673203523903E-01  0.777376531069413467E-02
   17  0.374988520041293280E-01  0.588586643382926419E-02
   18  0.376510624021665907E-01  0.725186175744312132E-02
   19  0.376510624021667850E-01  0.884958645319483192E-02
   20  0.374882110059348225E-01  0.657680446418862103E-02
   21  0.373267622985328507E-01  0.806657638100669039E-02
   22  0.373267622985327951E-01  0.982533078195624299E-02
   23  0.368301816345930760E-01  0.715517456387365636E-02
   24  0.363466401330586331E-01  0.877277694164109792E-02
   25  0.363466401330584388E-01  0.106930127303004156E-01
   26  0.355667492551353798E-01  0.760454146210452504E-02
   27  0.348196236135489279E-01  0.936087313666883469E-02
   28  0.348196236135487891E-01  0.114307343436780475E-01
   29  0.338619663058426015E-01  0.789572312298484312E-02
   30  0.329555765900486908E-01  0.850344016612932831E-02
   31  0.329555765900487879E-01  0.120088714194181902E-01
   32  0.319510551769001394E-01  0.799040218795606626E-02
   33  0.310059601687857206E-01  0.854784375438380137E-02
   34  0.310059601687857206E-01  0.124022646780296789E-01
   35  0.300765177869420954E-01  0.784782600492975671E-02
   36  0.292011760628121259E-01  0.835850881437816447E-02
   37  0.292011760628121120E-01  0.126081056455411202E-01
   38  0.284330924290573522E-01  0.742712775589179572E-02
   39  0.277043793019097345E-01  0.789723243515547818E-02
   40  0.277043793019094084E-01  0.126547407533719198E-01
   41  0.271381989699974215E-01  0.665927795995056599E-02
   42  0.265946966587827793E-01  0.708147390994293049E-02
   43  0.265946966587825989E-01  0.125744469986110614E-01
   44  0.262330831091916114E-01  0.533432478653726901E-02
   45  0.258811715075477379E-01  0.564893379518692507E-02
   46  0.258811715075477136E-01  0.122861730525140878E-01
   47  0.257079479705759444E-01  0.267737627768909045E-02
   48  0.255370277988315117E-01  0.797776553670214751E-02
   49  0.255370277988336836E-01  0.806758944874394306E-02
   50   0.00000000000000000       0.00000000000000000    
   51   0.00000000000000000       0.00000000000000000    
   52   0.00000000000000000       0.00000000000000000    
   53   0.00000000000000000       0.00000000000000000    
   54   0.00000000000000000       0.00000000000000000    
   55   0.00000000000000000       0.00000000000000000    
   56   0.00000000000000000       0.00000000000000000    
   57   0.00000000000000000       0.00000000000000000    
   58   0.00000000000000000       0.00000000000000000    
   59   0.00000000000000000       0.00000000000000000    
   60   0.00000000000000000       0.00000000000000000    
   61   0.00000000000000000       0.00000000000000000    
   62   0.00000000000000000       0.00000000000000000    
   63   0.00000000000000000       0.00000000000000000    
   64   0.00000000000000000       0.00000000000000000    
   65   0.00000000000000000       0.00000000000000000    
   66   0.00000000000000000       0.00000000000000000    
   67   0.00000000000000000       0.00000000000000000    
   68   0.00000000000000000       0.00000000000000000    
   69   0.00000000000000000       0.00000000000000000    
   70   0.00000000000000000       0.00000000000000000    
   71   0.00000000000000000       0.00000000000000000    
   72   0.00000000000000000       0.00000000000000000    
   73   0.00000000000000000       0.00000000000000000    
   74   0.00000000000000000       0.00000000000000000    
   75   0.00000000000000000       0.00000000000000000    
   76   0.00000000000000000       0.00000000000000000    
   77   0.00000000000000000       0.00000000000000000    
   78   0.00000000000000000       0.00000000000000000    
   79   0.00000000000000000       0.00000000000000000    
   80   0.00000000000000000       0.00000000000000000    
   81   0.00000000000000000       0.00000000000000000    
   82   0.00000000000000000       0.00000000000000000    
   83   0.00000000000000000       0.00000000000000000    
   84   0.00000000000000000       0.00000000000000000    
   85   0.00000000000000000       0.00000000000000000    
   86   0.00000000000000000       0.00000000000000000    
   87   0.00000000000000000       0.00000000000000000    
   88   0.00000000000000000       0.00000000000000000    
   89   0.00000000000000000       0.00000000000000000    
   90   0.00000000000000000       0.00000000000000000    
   91   0.00000000000000000       0.00000000000000000    
   92   0.00000000000000000       0.00000000000000000    
   93   0.00000000000000000       0.00000000000000000    
   94   0.00000000000000000       0.00000000000000000    
   95   0.00000000000000000       0.00000000000000000    
   96   0.00000000000000000       0.00000000000000000    
#gg4results - output grid - thetagrid thetagrid
    1  -3.14159265358979356       1.21349868912848780    
    2  -2.86650948489867075       1.20487090423856325    
    3  -2.58497304387438520       1.18065877787916196    
    4  -2.29423166313826910       1.14478408674809784    
    5  -2.14484019385685887       1.12374651226186084    
    6  -1.99484233441182068       1.10157545240899690    
    7  -1.84423808480315410       1.07864974790002877    
    8  -1.62027751101195716       1.04401053250080866    
    9  -1.40219767021360631       1.01042050442234443    
   10  -1.19327992853231302      0.979168468616290033    
   11 -0.995546468992020483      0.951275897405264637    
   12 -0.809510707979305688      0.927460036546304711    
   13 -0.634303651602433627      0.908106779535983177    
   14 -0.468077375790975914      0.893294774124324564    
   15 -0.308509195838280903      0.882900926687400722    
   16 -0.153222166792993442      0.876748151239998275    
   17 -0.280909947703506464E-15  0.874711133171812483    
   18  0.153222166792993386      0.876748151239998275    
   19  0.308509195838280847      0.882900926687400722    
   20  0.468077375790977301      0.893294774124324564    
   21  0.634303651602433516      0.908106779535983177    
   22  0.809510707979305577      0.927460036546304711    
   23  0.995546468992020150      0.951275897405264637    
   24   1.19327992853231257      0.979168468616290033    
   25   1.40219767021360653       1.01042050442234443    
   26   1.62027751101195738       1.04401053250080866    
   27   1.84423808480315476       1.07864974790002877    
   28   1.99484233441182246       1.10157545240899690    
   29   2.14484019385685842       1.12374651226186084    
   30   2.29423166313826910       1.14478408674809784    
   31   2.58497304387438742       1.18065877787916196    
   32   2.86650948489867208       1.20487090423856325    
   33   3.14159265358979312       1.21349868912848780    
#gg4results - output 1/lambda - bset bset
    1   1.21349868912848780       1.21349868912848780    
    2   1.20487090423856325       1.20487090423856325    
    3   1.18065877787916196       1.18065877787916196    
    4   1.14478408674809784       1.14478408674809784    
    5   1.12374651226186084       1.12374651226186084    
    6   1.10157545240899690       1.10157545240899690    
    7   1.07864974790002877       1.07864974790002877    
    8   1.04401053250080866       1.04401053250080866    
    9   1.01042050442234443       1.01042050442234443    
   10  0.979168468616290033      0.979168468616290033    
   11  0.951275897405264637      0.951275897405264637    
   12  0.927460036546304711      0.927460036546304711    
   13  0.908106779535983177      0.908106779535983177    
   14  0.893294774124324564      0.893294774124324564    
   15  0.882900926687400722      0.882900926687400722    
   16  0.876748151239998275      0.876748151239998275    
   17  0.874711133171812483      0.874711133171812483    
