 nbmag=          33
 thetain,bmagin=
  -3.1415926535897940        1.2134986891284878     
  -2.9360342494024567        1.2086378543891287     
  -2.7274599558910997        1.1945758382108620     
  -2.5137295878660284        1.1726838575809952     
  -2.2942316631382691        1.1447840867480978     
  -2.0701444592161540        1.1128150152147056     
  -1.8442380848031541        1.0786497479000288     
  -1.6202775110119569        1.0440105325008087     
  -1.4021976702136063        1.0104205044223444     
  -1.1932799285323126       0.97916846861629003     
 -0.99554646899201993       0.95127589740526464     
 -0.80951070797930491       0.92746003654630471     
 -0.63430365160243340       0.90810677953598318     
 -0.46807737579097575       0.89329477412432445     
 -0.30850919583828063       0.88290092668740072     
 -0.15322216679299316       0.87674815123999839     
   0.0000000000000000       0.87471113317181248     
  0.15322216679299316       0.87674815123999839     
  0.30850919583828063       0.88290092668740072     
  0.46807737579097619       0.89329477412432445     
  0.63430365160243385       0.90810677953598318     
  0.80951070797930536       0.92746003654630471     
  0.99554646899202037       0.95127589740526464     
   1.1932799285323128       0.97916846861629003     
   1.4021976702136065        1.0104205044223444     
   1.6202775110119578        1.0440105325008087     
   1.8442380848031545        1.0786497479000288     
   2.0701444592161540        1.1128150152147056     
   2.2942316631382695        1.1447840867480978     
   2.5137295878660284        1.1726838575809952     
   2.7274599558911001        1.1945758382108620     
   2.9360342494024563        1.2086378543891287     
   3.1415926535897922        1.2134986891284878     
 alknob=   0.0000000000000000     
 epsknob=   1.0000000000000001E-005
 bpknob=   1.0000000000000000E-008
 extrknob=   0.0000000000000000     
 thetamax=   0.0000000000000000     
 deltaw,widthw=   0.0000000000000000        1.0000000000000000     
 tension=   1.0000000000000000     
 ntheta,nlambda=          32          17
#gg4init - input grid - thetain bmagin 
    1  -3.14159265358979400       1.21349868912848780    
    2  -2.93603424940245672       1.20863785438912874    
    3  -2.72745995589109969       1.19457583821086200    
    4  -2.51372958786602840       1.17268385758099525    
    5  -2.29423166313826910       1.14478408674809784    
    6  -2.07014445921615398       1.11281501521470561    
    7  -1.84423808480315410       1.07864974790002877    
    8  -1.62027751101195694       1.04401053250080866    
    9  -1.40219767021360631       1.01042050442234443    
   10  -1.19327992853231257      0.979168468616290033    
   11 -0.995546468992019928      0.951275897405264637    
   12 -0.809510707979304911      0.927460036546304711    
   13 -0.634303651602433405      0.908106779535983177    
   14 -0.468077375790975747      0.893294774124324453    
   15 -0.308509195838280625      0.882900926687400722    
   16 -0.153222166792993164      0.876748151239998386    
   17   0.00000000000000000      0.874711133171812483    
   18  0.153222166792993164      0.876748151239998386    
   19  0.308509195838280625      0.882900926687400722    
   20  0.468077375790976191      0.893294774124324453    
   21  0.634303651602433849      0.908106779535983177    
   22  0.809510707979305355      0.927460036546304711    
   23  0.995546468992020372      0.951275897405264637    
   24   1.19327992853231279      0.979168468616290033    
   25   1.40219767021360653       1.01042050442234443    
   26   1.62027751101195783       1.04401053250080866    
   27   1.84423808480315454       1.07864974790002877    
   28   2.07014445921615398       1.11281501521470561    
   29   2.29423166313826954       1.14478408674809784    
   30   2.51372958786602840       1.17268385758099525    
   31   2.72745995589110013       1.19457583821086200    
   32   2.93603424940245628       1.20863785438912874    
   33   3.14159265358979223       1.21349868912848780    
#gg4start - starting grid - thetastart thetastart
    1  -3.14159265358979400      -3.14159265358979400    
    2   0.00000000000000000       0.00000000000000000    
    3  -3.07307318552734809      -3.07307318552734809    
    4  -3.00455371746490263      -3.00455371746490263    
    5  -2.93603424940245672      -2.93603424940245672    
    6  -2.86650948489867119      -2.86650948489867119    
    7  -2.79698472039488522      -2.79698472039488522    
    8  -2.72745995589109969      -2.72745995589109969    
    9  -2.65621649988274244      -2.65621649988274244    
   10  -2.58497304387438565      -2.58497304387438565    
   11  -2.51372958786602840      -2.51372958786602840    
   12  -2.44056361295677515      -2.44056361295677515    
   13  -2.36739763804752235      -2.36739763804752235    
   14  -2.29423166313826910      -2.29423166313826910    
   15  -2.21953592849756420      -2.21953592849756420    
   16  -2.14484019385685887      -2.14484019385685887    
   17  -2.07014445921615398      -2.07014445921615398    
   18  -1.99484233441182068      -1.99484233441182068    
   19  -1.91954020960748739      -1.91954020960748739    
   20  -1.84423808480315410      -1.84423808480315410    
   21  -1.76958456020608845      -1.76958456020608845    
   22  -1.69493103560902258      -1.69493103560902258    
   23  -1.62027751101195694      -1.62027751101195694    
   24  -1.54758423074584006      -1.54758423074584006    
   25  -1.47489095047972318      -1.47489095047972318    
   26  -1.40219767021360631      -1.40219767021360631    
   27  -1.33255842298650840      -1.33255842298650840    
   28  -1.26291917575941048      -1.26291917575941048    
   29  -1.19327992853231257      -1.19327992853231257    
   30  -1.12736877535221502      -1.12736877535221502    
   31  -1.06145762217211748      -1.06145762217211748    
   32 -0.995546468992019928     -0.995546468992019928    
   33 -0.933534548654448293     -0.933534548654448293    
   34 -0.871522628316876546     -0.871522628316876546    
   35 -0.809510707979304911     -0.809510707979304911    
   36 -0.751108355853681076     -0.751108355853681076    
   37 -0.692706003728057240     -0.692706003728057240    
   38 -0.634303651602433405     -0.634303651602433405    
   39 -0.578894892998614186     -0.578894892998614186    
   40 -0.523486134394794966     -0.523486134394794966    
   41 -0.468077375790975747     -0.468077375790975747    
   42 -0.414887982473410688     -0.414887982473410688    
   43 -0.361698589155845684     -0.361698589155845684    
   44 -0.308509195838280625     -0.308509195838280625    
   45 -0.256746852823184823     -0.256746852823184823    
   46 -0.204984509808088966     -0.204984509808088966    
   47 -0.153222166792993164     -0.153222166792993164    
   48 -0.102148111195328767     -0.102148111195328767    
   49 -0.510740555976643834E-01 -0.510740555976643834E-01
   50  0.510740555976643903E-01  0.510740555976643903E-01
   51  0.102148111195328781      0.102148111195328781    
   52  0.153222166792993164      0.153222166792993164    
   53  0.204984509808088994      0.204984509808088994    
   54  0.256746852823184823      0.256746852823184823    
   55  0.308509195838280625      0.308509195838280625    
   56  0.361698589155845796      0.361698589155845796    
   57  0.414887982473411021      0.414887982473411021    
   58  0.468077375790976191      0.468077375790976191    
   59  0.523486134394795410      0.523486134394795410    
   60  0.578894892998614630      0.578894892998614630    
   61  0.634303651602433849      0.634303651602433849    
   62  0.692706003728057684      0.692706003728057684    
   63  0.751108355853681520      0.751108355853681520    
   64  0.809510707979305355      0.809510707979305355    
   65  0.871522628316876991      0.871522628316876991    
   66  0.933534548654448737      0.933534548654448737    
   67  0.995546468992020372      0.995546468992020372    
   68   1.06145762217211792       1.06145762217211792    
   69   1.12736877535221525       1.12736877535221525    
   70   1.19327992853231279       1.19327992853231279    
   71   1.26291917575941071       1.26291917575941071    
   72   1.33255842298650862       1.33255842298650862    
   73   1.40219767021360653       1.40219767021360653    
   74   1.47489095047972363       1.47489095047972363    
   75   1.54758423074584073       1.54758423074584073    
   76   1.62027751101195783       1.62027751101195783    
   77   1.69493103560902347       1.69493103560902347    
   78   1.76958456020608890       1.76958456020608890    
   79   1.84423808480315454       1.84423808480315454    
   80   1.91954020960748761       1.91954020960748761    
   81   1.99484233441182091       1.99484233441182091    
   82   2.07014445921615398       2.07014445921615398    
   83   2.14484019385685931       2.14484019385685931    
   84   2.21953592849756420       2.21953592849756420    
   85   2.29423166313826954       2.29423166313826954    
   86   2.36739763804752235       2.36739763804752235    
   87   2.44056361295677560       2.44056361295677560    
   88   2.51372958786602840       2.51372958786602840    
   89   2.58497304387438565       2.58497304387438565    
   90   2.65621649988274289       2.65621649988274289    
   91   2.72745995589110013       2.72745995589110013    
   92   2.79698472039488566       2.79698472039488566    
   93   2.86650948489867075       2.86650948489867075    
   94   2.93603424940245628       2.93603424940245628    
   95   3.00455371746490174       3.00455371746490174    
   96   3.07307318552734676       3.07307318552734676    
#gg4start - starting field - bmagstart bmagstart
    1   1.21349868912848780       1.21349868912848780    
    2  0.874711133171812372      0.874711133171812372    
    3   1.21292614723824133       1.21292614723824133    
    4   1.21129464838785039       1.21129464838785039    
    5   1.20863785438912874       1.20863785438912874    
    6   1.20487090423856302       1.20487090423856302    
    7   1.20015590348976420       1.20015590348976420    
    8   1.19457583821086200       1.19457583821086200    
    9   1.18798819835541325       1.18798819835541325    
   10   1.18065877787916196       1.18065877787916196    
   11   1.17268385758099525       1.17268385758099525    
   12   1.16387065483542962       1.16387065483542962    
   13   1.15454291069847392       1.15454291069847392    
   14   1.14478408674809784       1.14478408674809784    
   15   1.13442368664702053       1.13442368664702053    
   16   1.12374651226186084       1.12374651226186084    
   17   1.11281501521470561       1.11281501521470561    
   18   1.10157545240899668       1.10157545240899668    
   19   1.09017211510488754       1.09017211510488754    
   20   1.07864974790002877       1.07864974790002877    
   21   1.06714041372489654       1.06714041372489654    
   22   1.05558245227033831       1.05558245227033831    
   23   1.04401053250080866       1.04401053250080866    
   24   1.03275910311262753       1.03275910311262753    
   25   1.02155163745670041       1.02155163745670041    
   26   1.01042050442234443       1.01042050442234443    
   27  0.999862859366133394      0.999862859366133394    
   28  0.989433698401376627      0.989433698401376627    
   29  0.979168468616290033      0.979168468616290033    
   30  0.969645383770515124      0.969645383770515124    
   31  0.960334693608520085      0.960334693608520085    
   32  0.951275897405264637      0.951275897405264637    
   33  0.943031130515590510      0.943031130515590510    
   34  0.935079354862865864      0.935079354862865864    
   35  0.927460036546304711      0.927460036546304711    
   36  0.920637875159252217      0.920637875159252217    
   37  0.914175799143291057      0.914175799143291057    
   38  0.908106779535983177      0.908106779535983177    
   39  0.902756836592362499      0.902756836592362499    
   40  0.897811907409665211      0.897811907409665211    
   41  0.893294774124324453      0.893294774124324453    
   42  0.889396890095603410      0.889396890095603410    
   43  0.885927688286307191      0.885927688286307191    
   44  0.882900926687400611      0.882900926687400611    
   45  0.880407882993892943      0.880407882993892943    
   46  0.878354454494543746      0.878354454494543746    
   47  0.876748151239998497      0.876748151239998497    
   48  0.875623151579837611      0.875623151579837611    
   49  0.874943319797018226      0.874943319797018226    
   50   0.00000000000000000       0.00000000000000000    
   51   0.00000000000000000       0.00000000000000000    
   52   0.00000000000000000       0.00000000000000000    
   53   0.00000000000000000       0.00000000000000000    
   54   0.00000000000000000       0.00000000000000000    
   55   0.00000000000000000       0.00000000000000000    
   56   0.00000000000000000       0.00000000000000000    
   57   0.00000000000000000       0.00000000000000000    
   58   0.00000000000000000       0.00000000000000000    
   59   0.00000000000000000       0.00000000000000000    
   60   0.00000000000000000       0.00000000000000000    
   61   0.00000000000000000       0.00000000000000000    
   62   0.00000000000000000       0.00000000000000000    
   63   0.00000000000000000       0.00000000000000000    
   64   0.00000000000000000       0.00000000000000000    
   65   0.00000000000000000       0.00000000000000000    
   66   0.00000000000000000       0.00000000000000000    
   67   0.00000000000000000       0.00000000000000000    
   68   0.00000000000000000       0.00000000000000000    
   69   0.00000000000000000       0.00000000000000000    
   70   0.00000000000000000       0.00000000000000000    
   71   0.00000000000000000       0.00000000000000000    
   72   0.00000000000000000       0.00000000000000000    
   73   0.00000000000000000       0.00000000000000000    
   74   0.00000000000000000       0.00000000000000000    
   75   0.00000000000000000       0.00000000000000000    
   76   0.00000000000000000       0.00000000000000000    
   77   0.00000000000000000       0.00000000000000000    
   78   0.00000000000000000       0.00000000000000000    
   79   0.00000000000000000       0.00000000000000000    
   80   0.00000000000000000       0.00000000000000000    
   81   0.00000000000000000       0.00000000000000000    
   82   0.00000000000000000       0.00000000000000000    
   83   0.00000000000000000       0.00000000000000000    
   84   0.00000000000000000       0.00000000000000000    
   85   0.00000000000000000       0.00000000000000000    
   86   0.00000000000000000       0.00000000000000000    
   87   0.00000000000000000       0.00000000000000000    
   88   0.00000000000000000       0.00000000000000000    
   89   0.00000000000000000       0.00000000000000000    
   90   0.00000000000000000       0.00000000000000000    
   91   0.00000000000000000       0.00000000000000000    
   92   0.00000000000000000       0.00000000000000000    
   93   0.00000000000000000       0.00000000000000000    
   94   0.00000000000000000       0.00000000000000000    
   95   0.00000000000000000       0.00000000000000000    
   96   0.00000000000000000       0.00000000000000000    
#gg4start - essentialstart
           1 T
           2 T
           3 F
           4 F
           5 F
           6 F
           7 F
           8 F
           9 F
          10 F
          11 F
          12 F
          13 F
          14 F
          15 F
          16 F
          17 F
          18 F
          19 F
          20 F
          21 F
          22 F
          23 F
          24 F
          25 F
          26 F
          27 F
          28 F
          29 F
          30 F
          31 F
          32 F
          33 F
          34 F
          35 F
          36 F
          37 F
          38 F
          39 F
          40 F
          41 F
          42 F
          43 F
          44 F
          45 F
          46 F
          47 F
          48 F
          49 F
          50 F
          51 F
          52 F
          53 F
          54 F
          55 F
          56 F
          57 F
          58 F
          59 F
          60 F
          61 F
          62 F
          63 F
          64 F
          65 F
          66 F
          67 F
          68 F
          69 F
          70 F
          71 F
          72 F
          73 F
          74 F
          75 F
          76 F
          77 F
          78 F
          79 F
          80 F
          81 F
          82 F
          83 F
          84 F
          85 F
          86 F
          87 F
          88 F
          89 F
          90 F
          91 F
          92 F
          93 F
          94 F
          95 F
          96 F
# gg4collect - bmagset bmagset
    1   1.21349868912848780       1.21349868912848780    
    2  0.874711133171812372      0.874711133171812372    
    3   1.21292614723824133       1.21292614723824133    
    4   1.21129464838785039       1.21129464838785039    
    5   1.20863785438912874       1.20863785438912874    
    6   1.20487090423856302       1.20487090423856302    
    7   1.20015590348976420       1.20015590348976420    
    8   1.19457583821086200       1.19457583821086200    
    9   1.18798819835541325       1.18798819835541325    
   10   1.18065877787916196       1.18065877787916196    
   11   1.17268385758099525       1.17268385758099525    
   12   1.16387065483542962       1.16387065483542962    
   13   1.15454291069847392       1.15454291069847392    
   14   1.14478408674809784       1.14478408674809784    
   15   1.13442368664702053       1.13442368664702053    
   16   1.12374651226186084       1.12374651226186084    
   17   1.11281501521470561       1.11281501521470561    
   18   1.10157545240899668       1.10157545240899668    
   19   1.09017211510488754       1.09017211510488754    
   20   1.07864974790002877       1.07864974790002877    
   21   1.06714041372489654       1.06714041372489654    
   22   1.05558245227033831       1.05558245227033831    
   23   1.04401053250080866       1.04401053250080866    
   24   1.03275910311262753       1.03275910311262753    
   25   1.02155163745670041       1.02155163745670041    
   26   1.01042050442234443       1.01042050442234443    
   27  0.999862859366133394      0.999862859366133394    
   28  0.989433698401376627      0.989433698401376627    
   29  0.979168468616290033      0.979168468616290033    
   30  0.969645383770515124      0.969645383770515124    
   31  0.960334693608520085      0.960334693608520085    
   32  0.951275897405264637      0.951275897405264637    
   33  0.943031130515590510      0.943031130515590510    
   34  0.935079354862865864      0.935079354862865864    
   35  0.927460036546304711      0.927460036546304711    
   36  0.920637875159252217      0.920637875159252217    
   37  0.914175799143291057      0.914175799143291057    
   38  0.908106779535983177      0.908106779535983177    
   39  0.902756836592362499      0.902756836592362499    
   40  0.897811907409665211      0.897811907409665211    
   41  0.893294774124324453      0.893294774124324453    
   42  0.889396890095603410      0.889396890095603410    
   43  0.885927688286307191      0.885927688286307191    
   44  0.882900926687400611      0.882900926687400611    
   45  0.880407882993892943      0.880407882993892943    
   46  0.878354454494543746      0.878354454494543746    
   47  0.876748151239998497      0.876748151239998497    
   48  0.875623151579837611      0.875623151579837611    
   49  0.874943319797018226      0.874943319797018226    
   50   0.00000000000000000       0.00000000000000000    
   51   0.00000000000000000       0.00000000000000000    
   52   0.00000000000000000       0.00000000000000000    
   53   0.00000000000000000       0.00000000000000000    
   54   0.00000000000000000       0.00000000000000000    
   55   0.00000000000000000       0.00000000000000000    
   56   0.00000000000000000       0.00000000000000000    
   57   0.00000000000000000       0.00000000000000000    
   58   0.00000000000000000       0.00000000000000000    
   59   0.00000000000000000       0.00000000000000000    
   60   0.00000000000000000       0.00000000000000000    
   61   0.00000000000000000       0.00000000000000000    
   62   0.00000000000000000       0.00000000000000000    
   63   0.00000000000000000       0.00000000000000000    
   64   0.00000000000000000       0.00000000000000000    
   65   0.00000000000000000       0.00000000000000000    
   66   0.00000000000000000       0.00000000000000000    
   67   0.00000000000000000       0.00000000000000000    
   68   0.00000000000000000       0.00000000000000000    
   69   0.00000000000000000       0.00000000000000000    
   70   0.00000000000000000       0.00000000000000000    
   71   0.00000000000000000       0.00000000000000000    
   72   0.00000000000000000       0.00000000000000000    
   73   0.00000000000000000       0.00000000000000000    
   74   0.00000000000000000       0.00000000000000000    
   75   0.00000000000000000       0.00000000000000000    
   76   0.00000000000000000       0.00000000000000000    
   77   0.00000000000000000       0.00000000000000000    
   78   0.00000000000000000       0.00000000000000000    
   79   0.00000000000000000       0.00000000000000000    
   80   0.00000000000000000       0.00000000000000000    
   81   0.00000000000000000       0.00000000000000000    
   82   0.00000000000000000       0.00000000000000000    
   83   0.00000000000000000       0.00000000000000000    
   84   0.00000000000000000       0.00000000000000000    
   85   0.00000000000000000       0.00000000000000000    
   86   0.00000000000000000       0.00000000000000000    
   87   0.00000000000000000       0.00000000000000000    
   88   0.00000000000000000       0.00000000000000000    
   89   0.00000000000000000       0.00000000000000000    
   90   0.00000000000000000       0.00000000000000000    
   91   0.00000000000000000       0.00000000000000000    
   92   0.00000000000000000       0.00000000000000000    
   93   0.00000000000000000       0.00000000000000000    
   94   0.00000000000000000       0.00000000000000000    
   95   0.00000000000000000       0.00000000000000000    
   96   0.00000000000000000       0.00000000000000000    
# gg4collect - thetasetset ibmagsetset icollsetset
    1  -3.14159265358979400        1          2
    2   0.00000000000000000        2          2
    3  -3.07307318552734809        3          2
    4   3.07307318552733966        3       3222
    5  -3.00455371746490263        4          2
    6   3.00455371746489686        4       3222
    7  -2.93603424940245672        5          2
    8   2.93603424940245628        5        331
    9  -2.86650948489867119        6          2
   10   2.86650948489866852        6       3222
   11  -2.79698472039488522        7          2
   12   2.79698472039488744        7       3222
   13  -2.72745995589109969        8          2
   14   2.72745995589110013        8        331
   15  -2.65621649988274244        9          2
   16   2.65621649988274111        9       3222
   17  -2.58497304387438565       10          2
   18   2.58497304387438742       10       3222
   19  -2.51372958786602840       11          2
   20   2.51372958786602840       11        331
   21  -2.44056361295677515       12          2
   22   2.44056361295677604       12       3222
   23  -2.36739763804752235       13          2
   24   2.36739763804752368       13       3222
   25  -2.29423166313826910       14          2
   26   2.29423166313826954       14        331
   27  -2.21953592849756420       15          2
   28   2.21953592849756376       15       3222
   29  -2.14484019385685887       16          2
   30   2.14484019385685842       16       3222
   31  -2.07014445921615398       17          2
   32   2.07014445921615398       17        331
   33  -1.99484233441182068       18          2
   34   1.99484233441181980       18       3222
   35  -1.91954020960748739       19          2
   36   1.91954020960748650       19       3222
   37  -1.84423808480315410       20          2
   38   1.84423808480315454       20        331
   39  -1.76958456020608845       21          2
   40   1.76958456020608956       21       3222
   41  -1.69493103560902258       22          2
   42   1.69493103560902436       22       3222
   43  -1.62027751101195694       23          2
   44   1.62027751101195783       23        331
   45  -1.54758423074584006       24          2
   46   1.54758423074584162       24       3222
   47  -1.47489095047972318       25          2
   48   1.47489095047972429       25       3222
   49  -1.40219767021360631       26          2
   50   1.40219767021360653       26        331
   51  -1.33255842298650840       27          2
   52   1.33255842298650728       27       3222
   53  -1.26291917575941048       28          2
   54   1.26291917575941071       28       3222
   55  -1.19327992853231257       29          2
   56   1.19327992853231279       29        331
   57  -1.12736877535221502       30          2
   58   1.12736877535221591       30       3222
   59  -1.06145762217211748       31          2
   60   1.06145762217211792       31       3222
   61 -0.995546468992019928       32          2
   62  0.995546468992020372       32        331
   63 -0.933534548654448293       33          2
   64  0.933534548654448848       33       3222
   65 -0.871522628316876546       34          2
   66  0.871522628316877546       34       3222
   67 -0.809510707979304911       35          2
   68  0.809510707979305355       35        331
   69 -0.751108355853681076       36          2
   70  0.751108355853680409       36       3222
   71 -0.692706003728057240       37          2
   72  0.692706003728056796       37       3222
   73 -0.634303651602433405       38          2
   74  0.634303651602433849       38        331
   75 -0.578894892998614186       39          2
   76  0.578894892998615518       39       3222
   77 -0.523486134394794966       40          2
   78  0.523486134394796965       40       3222
   79 -0.468077375790975747       41          2
   80  0.468077375790976191       41        331
   81 -0.414887982473410688       42          2
   82  0.414887982473410299       42       3222
   83 -0.361698589155845684       43          2
   84  0.361698589155846184       43       3222
   85 -0.308509195838280625       44          2
   86  0.308509195838277850       44       3222
   87 -0.256746852823184823       45          2
   88  0.256746852823185434       45       3222
   89 -0.204984509808088966       46          2
   90  0.204984509808088189       46       3222
   91 -0.153222166792993164       47          2
   92  0.153222166792999770       47       3222
   93 -0.102148111195328767       48          2
   94  0.102148111195331653       48       3222
   95 -0.510740555976643834E-01   49          2
   96  0.510740555976614760E-01   49       3222
#gg4sort - thetasetset ithetasort ithetasort
    1  -3.14159265358979400        1          1
    2   0.00000000000000000        3          3
    3  -3.07307318552734809        5          5
    4   3.07307318552733966        7          7
    5  -3.00455371746490263        9          9
    6   3.00455371746489686       11         11
    7  -2.93603424940245672       13         13
    8   2.93603424940245628       15         15
    9  -2.86650948489867119       17         17
   10   2.86650948489866852       19         19
   11  -2.79698472039488522       21         21
   12   2.79698472039488744       23         23
   13  -2.72745995589109969       25         25
   14   2.72745995589110013       27         27
   15  -2.65621649988274244       29         29
   16   2.65621649988274111       31         31
   17  -2.58497304387438565       33         33
   18   2.58497304387438742       35         35
   19  -2.51372958786602840       37         37
   20   2.51372958786602840       39         39
   21  -2.44056361295677515       41         41
   22   2.44056361295677604       43         43
   23  -2.36739763804752235       45         45
   24   2.36739763804752368       47         47
   25  -2.29423166313826910       49         49
   26   2.29423166313826954       51         51
   27  -2.21953592849756420       53         53
   28   2.21953592849756376       55         55
   29  -2.14484019385685887       57         57
   30   2.14484019385685842       59         59
   31  -2.07014445921615398       61         61
   32   2.07014445921615398       63         63
   33  -1.99484233441182068       65         65
   34   1.99484233441181980       67         67
   35  -1.91954020960748739       69         69
   36   1.91954020960748650       71         71
   37  -1.84423808480315410       73         73
   38   1.84423808480315454       75         75
   39  -1.76958456020608845       77         77
   40   1.76958456020608956       79         79
   41  -1.69493103560902258       81         81
   42   1.69493103560902436       83         83
   43  -1.62027751101195694       85         85
   44   1.62027751101195783       87         87
   45  -1.54758423074584006       89         89
   46   1.54758423074584162       91         91
   47  -1.47489095047972318       93         93
   48   1.47489095047972429       95         95
   49  -1.40219767021360631        2          2
   50   1.40219767021360653       96         96
   51  -1.33255842298650840       94         94
   52   1.33255842298650728       92         92
   53  -1.26291917575941048       90         90
   54   1.26291917575941071       88         88
   55  -1.19327992853231257       86         86
   56   1.19327992853231279       84         84
   57  -1.12736877535221502       82         82
   58   1.12736877535221591       80         80
   59  -1.06145762217211748       78         78
   60   1.06145762217211792       76         76
   61 -0.995546468992019928       74         74
   62  0.995546468992020372       72         72
   63 -0.933534548654448293       70         70
   64  0.933534548654448848       68         68
   65 -0.871522628316876546       66         66
   66  0.871522628316877546       64         64
   67 -0.809510707979304911       62         62
   68  0.809510707979305355       60         60
   69 -0.751108355853681076       58         58
   70  0.751108355853680409       56         56
   71 -0.692706003728057240       54         54
   72  0.692706003728056796       52         52
   73 -0.634303651602433405       50         50
   74  0.634303651602433849       48         48
   75 -0.578894892998614186       46         46
   76  0.578894892998615518       44         44
   77 -0.523486134394794966       42         42
   78  0.523486134394796965       40         40
   79 -0.468077375790975747       38         38
   80  0.468077375790976191       36         36
   81 -0.414887982473410688       34         34
   82  0.414887982473410299       32         32
   83 -0.361698589155845684       30         30
   84  0.361698589155846184       28         28
   85 -0.308509195838280625       26         26
   86  0.308509195838277850       24         24
   87 -0.256746852823184823       22         22
   88  0.256746852823185434       20         20
   89 -0.204984509808088966       18         18
   90  0.204984509808088189       16         16
   91 -0.153222166792993164       14         14
   92  0.153222166792999770       12         12
   93 -0.102148111195328767       10         10
   94  0.102148111195331653        8          8
   95 -0.510740555976643834E-01    6          6
   96  0.510740555976614760E-01    4          4
#gg4sort - bmagset ibmagsort ibmagsort
    1   1.21349868912848780       96         96
    2  0.874711133171812372       61         61
    3   1.21292614723824133       70         70
    4   1.21129464838785039       69         69
    5   1.20863785438912874       68         68
    6   1.20487090423856302       67         67
    7   1.20015590348976420       66         66
    8   1.19457583821086200       65         65
    9   1.18798819835541325       64         64
   10   1.18065877787916196       63         63
   11   1.17268385758099525       62         62
   12   1.16387065483542962       60         60
   13   1.15454291069847392       72         72
   14   1.14478408674809784       59         59
   15   1.13442368664702053       58         58
   16   1.12374651226186084       57         57
   17   1.11281501521470561       56         56
   18   1.10157545240899668       55         55
   19   1.09017211510488754       54         54
   20   1.07864974790002877       53         53
   21   1.06714041372489654       52         52
   22   1.05558245227033831       51         51
   23   1.04401053250080866       71         71
   24   1.03275910311262753       73         73
   25   1.02155163745670041       50         50
   26   1.01042050442234443       74         74
   27  0.999862859366133394       86         86
   28  0.989433698401376627       95         95
   29  0.979168468616290033       94         94
   30  0.969645383770515124       93         93
   31  0.960334693608520085       92         92
   32  0.951275897405264637       91         91
   33  0.943031130515590510       90         90
   34  0.935079354862865864       89         89
   35  0.927460036546304711       88         88
   36  0.920637875159252217       87         87
   37  0.914175799143291057       85         85
   38  0.908106779535983177       75         75
   39  0.902756836592362499       84         84
   40  0.897811907409665211       83         83
   41  0.893294774124324453       82         82
   42  0.889396890095603410       81         81
   43  0.885927688286307191       80         80
   44  0.882900926687400611       79         79
   45  0.880407882993892943       78         78
   46  0.878354454494543746       77         77
   47  0.876748151239998497       76         76
   48  0.875623151579837611        2          2
   49  0.874943319797018226       49         49
   50   0.00000000000000000       48         48
   51   0.00000000000000000       47         47
   52   0.00000000000000000       46         46
   53   0.00000000000000000       45         45
   54   0.00000000000000000       44         44
   55   0.00000000000000000       43         43
   56   0.00000000000000000       42         42
   57   0.00000000000000000       41         41
   58   0.00000000000000000       40         40
   59   0.00000000000000000       39         39
   60   0.00000000000000000       38         38
   61   0.00000000000000000       37         37
   62   0.00000000000000000       36         36
   63   0.00000000000000000       35         35
   64   0.00000000000000000       34         34
   65   0.00000000000000000       33         33
   66   0.00000000000000000       32         32
   67   0.00000000000000000       31         31
   68   0.00000000000000000       30         30
   69   0.00000000000000000       29         29
   70   0.00000000000000000       28         28
   71   0.00000000000000000       27         27
   72   0.00000000000000000       26         26
   73   0.00000000000000000       25         25
   74   0.00000000000000000       24         24
   75   0.00000000000000000       23         23
   76   0.00000000000000000       22         22
   77   0.00000000000000000       21         21
   78   0.00000000000000000       20         20
   79   0.00000000000000000       19         19
   80   0.00000000000000000       18         18
   81   0.00000000000000000       17         17
   82   0.00000000000000000       16         16
   83   0.00000000000000000       15         15
   84   0.00000000000000000       14         14
   85   0.00000000000000000       13         13
   86   0.00000000000000000       12         12
   87   0.00000000000000000       11         11
   88   0.00000000000000000       10         10
   89   0.00000000000000000        9          9
   90   0.00000000000000000        8          8
   91   0.00000000000000000        7          7
   92   0.00000000000000000        6          6
   93   0.00000000000000000        5          5
   94   0.00000000000000000        4          4
   95   0.00000000000000000        3          3
   96   0.00000000000000000        1          1
#gg4metrics - thetares alambdares
    1  0.200000000000000000E+21  0.786537906869346024E-03
    2  0.100000000000000000E+21  0.485732235763611871E-03
    3  0.342597340312228438E-01  0.629102162451998341E-03
    4  0.342597340312218446E-01  0.170931754373795128E-02
    5  0.345092278931722479E-01  0.170187960825350366E-02
    6  0.347623822518925429E-01  0.242858833458471039E-02
    7  0.347623822518924874E-01  0.369450622858858531E-02
    8  0.351868090922527396E-01  0.305377263665244664E-02
    9  0.356217280041783435E-01  0.377243069093393833E-02
   10  0.356217280041783435E-01  0.525264005575270653E-02
   11  0.360959591186942597E-01  0.415316992145653343E-02
   12  0.365829874546263478E-01  0.527179618085127106E-02
   13  0.365829874546265699E-01  0.658700579218725584E-02
   14  0.369614707092478165E-01  0.508369977067765419E-02
   15  0.373478673203526679E-01  0.632610031126541565E-02
   16  0.373478673203525013E-01  0.777376531069410692E-02
   17  0.374988520041296611E-01  0.588586643382934399E-02
   18  0.376510624021667573E-01  0.725186175744319244E-02
   19  0.376510624021664797E-01  0.884958645319479549E-02
   20  0.374882110059344131E-01  0.657680446418855078E-02
   21  0.373267622985327119E-01  0.806657638100660365E-02
   22  0.373267622985329062E-01  0.982533078195618401E-02
   23  0.368301816345930205E-01  0.715517456387365202E-02
   24  0.363466401330584110E-01  0.877277694164097996E-02
   25  0.363466401330586053E-01  0.106930127303004885E-01
   26  0.355667492551356434E-01  0.760454146210461004E-02
   27  0.348196236135489556E-01  0.936087313666883122E-02
   28  0.348196236135487891E-01  0.114307344202552175E-01
   29  0.338619663058425738E-01  0.789572222485016711E-02
   30  0.329555765900487463E-01  0.981166173014923378E-02
   31  0.329555765900488296E-01  0.120088714003100498E-01
   32  0.319510551769000423E-01  0.799040240847940023E-02
   33  0.310059601687857761E-01  0.854784375438382218E-02
   34  0.310059601687858594E-01  0.124022648156657828E-01
   35  0.300765177869423278E-01  0.784782444998308008E-02
   36  0.292011760628120287E-01  0.102159552175733314E-01
   37  0.292011760628117789E-01  0.126081056341447520E-01
   38  0.284330924290571649E-01  0.742712788116245849E-02
   39  0.277043793019094153E-01  0.789723243515544175E-02
   40  0.277043793019097206E-01  0.126547407153563361E-01
   41  0.271381989699979315E-01  0.665927836287854603E-02
   42  0.265946966587825087E-01  0.708147390994282207E-02
   43  0.265946966587828140E-01  0.125744472072824715E-01
   44  0.262330831091914796E-01  0.533432269764486794E-02
   45  0.258811715075476650E-01  0.941488965864464497E-02
   46  0.258811715075471654E-01  0.122861722560717642E-01
   47  0.257079479705767805E-01  0.267738330216203170E-02
   48  0.255370277988333852E-01  0.265925517890077583E-02
   49  0.255370277988325525E-01  0.806759003157474751E-02
   50   0.00000000000000000       0.00000000000000000    
   51   0.00000000000000000       0.00000000000000000    
   52   0.00000000000000000       0.00000000000000000    
   53   0.00000000000000000       0.00000000000000000    
   54   0.00000000000000000       0.00000000000000000    
   55   0.00000000000000000       0.00000000000000000    
   56   0.00000000000000000       0.00000000000000000    
   57   0.00000000000000000       0.00000000000000000    
   58   0.00000000000000000       0.00000000000000000    
   59   0.00000000000000000       0.00000000000000000    
   60   0.00000000000000000       0.00000000000000000    
   61   0.00000000000000000       0.00000000000000000    
   62   0.00000000000000000       0.00000000000000000    
   63   0.00000000000000000       0.00000000000000000    
   64   0.00000000000000000       0.00000000000000000    
   65   0.00000000000000000       0.00000000000000000    
   66   0.00000000000000000       0.00000000000000000    
   67   0.00000000000000000       0.00000000000000000    
   68   0.00000000000000000       0.00000000000000000    
   69   0.00000000000000000       0.00000000000000000    
   70   0.00000000000000000       0.00000000000000000    
   71   0.00000000000000000       0.00000000000000000    
   72   0.00000000000000000       0.00000000000000000    
   73   0.00000000000000000       0.00000000000000000    
   74   0.00000000000000000       0.00000000000000000    
   75   0.00000000000000000       0.00000000000000000    
   76   0.00000000000000000       0.00000000000000000    
   77   0.00000000000000000       0.00000000000000000    
   78   0.00000000000000000       0.00000000000000000    
   79   0.00000000000000000       0.00000000000000000    
   80   0.00000000000000000       0.00000000000000000    
   81   0.00000000000000000       0.00000000000000000    
   82   0.00000000000000000       0.00000000000000000    
   83   0.00000000000000000       0.00000000000000000    
   84   0.00000000000000000       0.00000000000000000    
   85   0.00000000000000000       0.00000000000000000    
   86   0.00000000000000000       0.00000000000000000    
   87   0.00000000000000000       0.00000000000000000    
   88   0.00000000000000000       0.00000000000000000    
   89   0.00000000000000000       0.00000000000000000    
   90   0.00000000000000000       0.00000000000000000    
   91   0.00000000000000000       0.00000000000000000    
   92   0.00000000000000000       0.00000000000000000    
   93   0.00000000000000000       0.00000000000000000    
   94   0.00000000000000000       0.00000000000000000    
   95   0.00000000000000000       0.00000000000000000    
   96   0.00000000000000000       0.00000000000000000    
#gg4results - output grid - thetagrid thetagrid
    1  -3.14159265358979400       1.21349868912848780    
    2  -2.86650948489867119       1.20487090423856302    
    3  -2.58497304387438565       1.18065877787916196    
    4  -2.29423166313826910       1.14478408674809784    
    5  -2.14484019385685887       1.12374651226186084    
    6  -1.99484233441182068       1.10157545240899668    
    7  -1.84423808480315410       1.07864974790002877    
    8  -1.62027751101195694       1.04401053250080866    
    9  -1.40219767021360631       1.01042050442234443    
   10  -1.19327992853231257      0.979168468616290033    
   11 -0.995546468992019928      0.951275897405264637    
   12 -0.809510707979304911      0.927460036546304711    
   13 -0.634303651602433405      0.908106779535983177    
   14 -0.468077375790975747      0.893294774124324453    
   15 -0.308509195838280625      0.882900926687400611    
   16 -0.153222166792993164      0.876748151239998497    
   17   0.00000000000000000      0.874711133171812372    
   18  0.153222166792999770      0.876748151239998497    
   19  0.308509195838277850      0.882900926687400611    
   20  0.468077375790976191      0.893294774124324453    
   21  0.634303651602433849      0.908106779535983177    
   22  0.809510707979305355      0.927460036546304711    
   23  0.995546468992020372      0.951275897405264637    
   24   1.19327992853231279      0.979168468616290033    
   25   1.40219767021360653       1.01042050442234443    
   26   1.62027751101195783       1.04401053250080866    
   27   1.84423808480315454       1.07864974790002877    
   28   1.99484233441181980       1.10157545240899668    
   29   2.14484019385685842       1.12374651226186084    
   30   2.29423166313826954       1.14478408674809784    
   31   2.58497304387438742       1.18065877787916196    
   32   2.86650948489866852       1.20487090423856302    
   33   3.14159265358979312       1.21349868912848780    
#gg4results - output 1/lambda - bset bset
    1   1.21349868912848780       1.21349868912848780    
    2   1.20487090423856302       1.20487090423856302    
    3   1.18065877787916196       1.18065877787916196    
    4   1.14478408674809784       1.14478408674809784    
    5   1.12374651226186084       1.12374651226186084    
    6   1.10157545240899668       1.10157545240899668    
    7   1.07864974790002877       1.07864974790002877    
    8   1.04401053250080866       1.04401053250080866    
    9   1.01042050442234443       1.01042050442234443    
   10  0.979168468616290033      0.979168468616290033    
   11  0.951275897405264637      0.951275897405264637    
   12  0.927460036546304711      0.927460036546304711    
   13  0.908106779535983177      0.908106779535983177    
   14  0.893294774124324453      0.893294774124324453    
   15  0.882900926687400611      0.882900926687400611    
   16  0.876748151239998497      0.876748151239998497    
   17  0.874711133171812372      0.874711133171812372    
