 nbmag=          65
 thetain,bmagin=
  -3.1415926535897931        1.2075707192895162     
  -3.0434178831651173        1.2064088815875267     
  -2.9452431127404410        1.2029478581328044     
  -2.8470683423157621        1.1972599965906225     
  -2.7488935718910681        1.1894622350116599     
  -2.6507188014663750        1.1797109634888818     
  -2.5525440310416880        1.1681954334290734     
  -2.4543692606170060        1.1551302222006488     
  -2.3561944901923333        1.1407472901562015     
  -2.2580197197676593        1.1252881391077556     
  -2.1598449493429732        1.1089965074150072     
  -2.0616701789182872        1.0921119329841733     
  -1.9634954084936080        1.0748643989971396     
  -1.8653206380689322        1.0574701635990229     
  -1.7671458676442533        1.0401287757063953     
  -1.6689710972195739        1.0230212015195039     
  -1.5707963267948954        1.0063089327412620     
  -1.4726215563702172       0.99013391689503538     
  -1.3744467859455380       0.97461913912541831     
  -1.2762720155208591       0.95986968893161928     
  -1.1780972450961831       0.94597415968196630     
  -1.0799224746715042       0.93300624919017561     
 -0.98174770424681801       0.92102645259380111     
 -0.88357293382213176       0.91008376166965810     
 -0.78539816339745760       0.90021730582607928     
 -0.68722339297278545       0.89145788833823991     
 -0.58904862254810320       0.88382938651651399     
 -0.49087385212341583       0.87734999639221867     
 -0.39269908169872292       0.87203331139668616     
 -0.29452431127402950       0.86788923076369684     
 -0.19634954084935025       0.86492469742584810     
  -9.8174770424674568E-002  0.86314426743093908     
   1.1261928825530522E-015  0.86255051377822556     
   9.8174770424676303E-002  0.86314426743093908     
  0.19634954084935249       0.86492469742584810     
  0.29452431127403172       0.86788923076369684     
  0.39269908169872514       0.87203331139668616     
  0.49087385212341855       0.87734999639221867     
  0.58904862254810586       0.88382938651651399     
  0.68722339297278767       0.89145788833823991     
  0.78539816339746027       0.90021730582607928     
  0.88357293382213498       0.91008376166965810     
  0.98174770424682034       0.92102645259380111     
   1.0799224746715061       0.93300624919017561     
   1.1780972450961849       0.94597415968196630     
   1.2762720155208604       0.95986968893161928     
   1.3744467859455394       0.97461913912541831     
   1.4726215563702190       0.99013391689503538     
   1.5707963267948961        1.0063089327412620     
   1.6689710972195744        1.0230212015195039     
   1.7671458676442537        1.0401287757063953     
   1.8653206380689329        1.0574701635990229     
   1.9634954084936092        1.0748643989971396     
   2.0616701789182885        1.0921119329841733     
   2.1598449493429737        1.1089965074150072     
   2.2580197197676601        1.1252881391077556     
   2.3561944901923342        1.1407472901562015     
   2.4543692606170064        1.1551302222006488     
   2.5525440310416885        1.1681954334290734     
   2.6507188014663750        1.1797109634888818     
   2.7488935718910681        1.1894622350116599     
   2.8470683423157617        1.1972599965906225     
   2.9452431127404410        1.2029478581328044     
   3.0434178831651173        1.2064088815875267     
   3.1415926535897936        1.2075707192895162     
 alknob=   0.0000000000000000     
 epsknob=   1.0000000000000001E-005
 bpknob=   1.0000000000000000E-008
 extrknob=   0.0000000000000000     
 thetamax=   0.0000000000000000     
 deltaw,widthw=   0.0000000000000000        1.0000000000000000     
 tension=   1.0000000000000000     
 ntheta,nlambda=          64          33
#gg4init - input grid - thetain bmagin 
    1  -3.14159265358979312       1.20757071928951620    
    2  -3.04341788316511730       1.20640888158752668    
    3  -2.94524311274044104       1.20294785813280436    
    4  -2.84706834231576211       1.19725999659062254    
    5  -2.74889357189106809       1.18946223501165993    
    6  -2.65071880146637495       1.17971096348888183    
    7  -2.55254403104168803       1.16819543342907339    
    8  -2.45436926061700600       1.15513022220064876    
    9  -2.35619449019233329       1.14074729015620147    
   10  -2.25801971976765925       1.12528813910775560    
   11  -2.15984494934297322       1.10899650741500722    
   12  -2.06167017891828719       1.09211193298417331    
   13  -1.96349540849360804       1.07486439899713959    
   14  -1.86532063806893222       1.05747016359902291    
   15  -1.76714586764425330       1.04012877570639528    
   16  -1.66897109721957393       1.02302120151950393    
   17  -1.57079632679489545       1.00630893274126199    
   18  -1.47262155637021719      0.990133916895035382    
   19  -1.37444678594553804      0.974619139125418310    
   20  -1.27627201552085912      0.959869688931619280    
   21  -1.17809724509618308      0.945974159681966298    
   22  -1.07992247467150415      0.933006249190175607    
   23 -0.981747704246818009      0.921026452593801115    
   24 -0.883572933822131756      0.910083761669658098    
   25 -0.785398163397457605      0.900217305826079284    
   26 -0.687223392972785452      0.891457888338239912    
   27 -0.589048622548103196      0.883829386516513993    
   28 -0.490873852123415833      0.877349996392218667    
   29 -0.392699081698722918      0.872033311396686162    
   30 -0.294524311274029504      0.867889230763696840    
   31 -0.196349540849350246      0.864924697425848099    
   32 -0.981747704246745678E-01  0.863144267430939083    
   33  0.112619288255305222E-14  0.862550513778225558    
   34  0.981747704246763025E-01  0.863144267430939083    
   35  0.196349540849352494      0.864924697425848099    
   36  0.294524311274031725      0.867889230763696840    
   37  0.392699081698725139      0.872033311396686162    
   38  0.490873852123418553      0.877349996392218667    
   39  0.589048622548105860      0.883829386516513993    
   40  0.687223392972787672      0.891457888338239912    
   41  0.785398163397460269      0.900217305826079284    
   42  0.883572933822134976      0.910083761669658098    
   43  0.981747704246820341      0.921026452593801115    
   44   1.07992247467150615      0.933006249190175607    
   45   1.17809724509618485      0.945974159681966298    
   46   1.27627201552086045      0.959869688931619280    
   47   1.37444678594553937      0.974619139125418310    
   48   1.47262155637021896      0.990133916895035382    
   49   1.57079632679489611       1.00630893274126199    
   50   1.66897109721957437       1.02302120151950393    
   51   1.76714586764425374       1.04012877570639528    
   52   1.86532063806893289       1.05747016359902291    
   53   1.96349540849360915       1.07486439899713959    
   54   2.06167017891828852       1.09211193298417331    
   55   2.15984494934297366       1.10899650741500722    
   56   2.25801971976766014       1.12528813910775560    
   57   2.35619449019233418       1.14074729015620147    
   58   2.45436926061700644       1.15513022220064876    
   59   2.55254403104168848       1.16819543342907339    
   60   2.65071880146637495       1.17971096348888183    
   61   2.74889357189106809       1.18946223501165993    
   62   2.84706834231576167       1.19725999659062254    
   63   2.94524311274044104       1.20294785813280436    
   64   3.04341788316511730       1.20640888158752668    
   65   3.14159265358979356       1.20757071928951620    
#gg4start - starting grid - thetastart thetastart
    1  -3.14159265358979312      -3.14159265358979312    
    2  0.112619288255305222E-14  0.112619288255305222E-14
    3  -3.10886773011490103      -3.10886773011490103    
    4  -3.07614280664000939      -3.07614280664000939    
    5  -3.04341788316511730      -3.04341788316511730    
    6  -3.01069295969022521      -3.01069295969022521    
    7  -2.97796803621533313      -2.97796803621533313    
    8  -2.94524311274044104      -2.94524311274044104    
    9  -2.91251818926554806      -2.91251818926554806    
   10  -2.87979326579065509      -2.87979326579065509    
   11  -2.84706834231576211      -2.84706834231576211    
   12  -2.81434341884086425      -2.81434341884086425    
   13  -2.78161849536596595      -2.78161849536596595    
   14  -2.74889357189106809      -2.74889357189106809    
   15  -2.71616864841617023      -2.71616864841617023    
   16  -2.68344372494127281      -2.68344372494127281    
   17  -2.65071880146637495      -2.65071880146637495    
   18  -2.61799387799147931      -2.61799387799147931    
   19  -2.58526895451658367      -2.58526895451658367    
   20  -2.55254403104168803      -2.55254403104168803    
   21  -2.51981910756679417      -2.51981910756679417    
   22  -2.48709418409189986      -2.48709418409189986    
   23  -2.45436926061700600      -2.45436926061700600    
   24  -2.42164433714211524      -2.42164433714211524    
   25  -2.38891941366722405      -2.38891941366722405    
   26  -2.35619449019233329      -2.35619449019233329    
   27  -2.32346956671744209      -2.32346956671744209    
   28  -2.29074464324255045      -2.29074464324255045    
   29  -2.25801971976765925      -2.25801971976765925    
   30  -2.22529479629276405      -2.22529479629276405    
   31  -2.19256987281786841      -2.19256987281786841    
   32  -2.15984494934297322      -2.15984494934297322    
   33  -2.12712002586807802      -2.12712002586807802    
   34  -2.09439510239318238      -2.09439510239318238    
   35  -2.06167017891828719      -2.06167017891828719    
   36  -2.02894525544339421      -2.02894525544339421    
   37  -1.99622033196850102      -1.99622033196850102    
   38  -1.96349540849360804      -1.96349540849360804    
   39  -1.93077048501871618      -1.93077048501871618    
   40  -1.89804556154382409      -1.89804556154382409    
   41  -1.86532063806893222      -1.86532063806893222    
   42  -1.83259571459403925      -1.83259571459403925    
   43  -1.79987079111914627      -1.79987079111914627    
   44  -1.76714586764425330      -1.76714586764425330    
   45  -1.73442094416936010      -1.73442094416936010    
   46  -1.70169602069446713      -1.70169602069446713    
   47  -1.66897109721957393      -1.66897109721957393    
   48  -1.63624617374468118      -1.63624617374468118    
   49  -1.60352125026978820      -1.60352125026978820    
   50  -1.57079632679489545      -1.57079632679489545    
   51  -1.53807140332000269      -1.53807140332000269    
   52  -1.50534647984510994      -1.50534647984510994    
   53  -1.47262155637021719      -1.47262155637021719    
   54  -1.43989663289532421      -1.43989663289532421    
   55  -1.40717170942043102      -1.40717170942043102    
   56  -1.37444678594553804      -1.37444678594553804    
   57  -1.34172186247064507      -1.34172186247064507    
   58  -1.30899693899575209      -1.30899693899575209    
   59  -1.27627201552085912      -1.27627201552085912    
   60  -1.24354709204596703      -1.24354709204596703    
   61  -1.21082216857107516      -1.21082216857107516    
   62  -1.17809724509618308      -1.17809724509618308    
   63  -1.14537232162129010      -1.14537232162129010    
   64  -1.11264739814639713      -1.11264739814639713    
   65  -1.07992247467150415      -1.07992247467150415    
   66  -1.04719755119660873      -1.04719755119660873    
   67  -1.01447262772171332      -1.01447262772171332    
   68 -0.981747704246818009     -0.981747704246818009    
   69 -0.949022780771922592     -0.949022780771922592    
   70 -0.916297857297027174     -0.916297857297027174    
   71 -0.883572933822131756     -0.883572933822131756    
   72 -0.850848010347240336     -0.850848010347240336    
   73 -0.818123086872349026     -0.818123086872349026    
   74 -0.785398163397457605     -0.785398163397457605    
   75 -0.752673239922566850     -0.752673239922566850    
   76 -0.719948316447676206     -0.719948316447676206    
   77 -0.687223392972785452     -0.687223392972785452    
   78 -0.654498469497891366     -0.654498469497891366    
   79 -0.621773546022997281     -0.621773546022997281    
   80 -0.589048622548103196     -0.589048622548103196    
   81 -0.556323699073207445     -0.556323699073207445    
   82 -0.523598775598311583     -0.523598775598311583    
   83 -0.490873852123415833     -0.490873852123415833    
   84 -0.458148928648518194     -0.458148928648518194    
   85 -0.425424005173620556     -0.425424005173620556    
   86 -0.392699081698722918     -0.392699081698722918    
   87 -0.359974158223825114     -0.359974158223825114    
   88 -0.327249234748927309     -0.327249234748927309    
   89 -0.294524311274029504     -0.294524311274029504    
   90 -0.261799387799136418     -0.261799387799136418    
   91 -0.229074464324243332     -0.229074464324243332    
   92 -0.196349540849350246     -0.196349540849350246    
   93 -0.163624617374458353     -0.163624617374458353    
   94 -0.130899693899566461     -0.130899693899566461    
   95 -0.981747704246745678E-01 -0.981747704246745678E-01
   96 -0.654498469497826751E-01 -0.654498469497826751E-01
   97 -0.327249234748907686E-01 -0.327249234748907686E-01
   98  0.327249234748928503E-01  0.327249234748928503E-01
   99  0.654498469497845764E-01  0.654498469497845764E-01
  100  0.981747704246763025E-01  0.981747704246763025E-01
  101  0.130899693899568376      0.130899693899568376    
  102  0.163624617374460435      0.163624617374460435    
  103  0.196349540849352494      0.196349540849352494    
  104  0.229074464324245580      0.229074464324245580    
  105  0.261799387799138639      0.261799387799138639    
  106  0.294524311274031725      0.294524311274031725    
  107  0.327249234748929529      0.327249234748929529    
  108  0.359974158223827334      0.359974158223827334    
  109  0.392699081698725139      0.392699081698725139    
  110  0.425424005173622943      0.425424005173622943    
  111  0.458148928648520748      0.458148928648520748    
  112  0.490873852123418553      0.490873852123418553    
  113  0.523598775598314359      0.523598775598314359    
  114  0.556323699073210109      0.556323699073210109    
  115  0.589048622548105860      0.589048622548105860    
  116  0.621773546022999835      0.621773546022999835    
  117  0.654498469497893698      0.654498469497893698    
  118  0.687223392972787672      0.687223392972787672    
  119  0.719948316447678538      0.719948316447678538    
  120  0.752673239922569404      0.752673239922569404    
  121  0.785398163397460269      0.785398163397460269    
  122  0.818123086872351801      0.818123086872351801    
  123  0.850848010347243444      0.850848010347243444    
  124  0.883572933822134976      0.883572933822134976    
  125  0.916297857297030061      0.916297857297030061    
  126  0.949022780771925256      0.949022780771925256    
  127  0.981747704246820341      0.981747704246820341    
  128   1.01447262772171554       1.01447262772171554    
  129   1.04719755119661095       1.04719755119661095    
  130   1.07992247467150615       1.07992247467150615    
  131   1.11264739814639912       1.11264739814639912    
  132   1.14537232162129188       1.14537232162129188    
  133   1.17809724509618485       1.17809724509618485    
  134   1.21082216857107672       1.21082216857107672    
  135   1.24354709204596858       1.24354709204596858    
  136   1.27627201552086045       1.27627201552086045    
  137   1.30899693899575342       1.30899693899575342    
  138   1.34172186247064640       1.34172186247064640    
  139   1.37444678594553937       1.37444678594553937    
  140   1.40717170942043257       1.40717170942043257    
  141   1.43989663289532577       1.43989663289532577    
  142   1.47262155637021896       1.47262155637021896    
  143   1.50534647984511127       1.50534647984511127    
  144   1.53807140332000380       1.53807140332000380    
  145   1.57079632679489611       1.57079632679489611    
  146   1.60352125026978887       1.60352125026978887    
  147   1.63624617374468162       1.63624617374468162    
  148   1.66897109721957437       1.66897109721957437    
  149   1.70169602069446757       1.70169602069446757    
  150   1.73442094416936055       1.73442094416936055    
  151   1.76714586764425374       1.76714586764425374    
  152   1.79987079111914672       1.79987079111914672    
  153   1.83259571459403992       1.83259571459403992    
  154   1.86532063806893289       1.86532063806893289    
  155   1.89804556154382498       1.89804556154382498    
  156   1.93077048501871706       1.93077048501871706    
  157   1.96349540849360915       1.96349540849360915    
  158   1.99622033196850235       1.99622033196850235    
  159   2.02894525544339555       2.02894525544339555    
  160   2.06167017891828852       2.06167017891828852    
  161   2.09439510239318372       2.09439510239318372    
  162   2.12712002586807847       2.12712002586807847    
  163   2.15984494934297366       2.15984494934297366    
  164   2.19256987281786930       2.19256987281786930    
  165   2.22529479629276450       2.22529479629276450    
  166   2.25801971976766014       2.25801971976766014    
  167   2.29074464324255134       2.29074464324255134    
  168   2.32346956671744298       2.32346956671744298    
  169   2.35619449019233418       2.35619449019233418    
  170   2.38891941366722493       2.38891941366722493    
  171   2.42164433714211569       2.42164433714211569    
  172   2.45436926061700644       2.45436926061700644    
  173   2.48709418409190031       2.48709418409190031    
  174   2.51981910756679461       2.51981910756679461    
  175   2.55254403104168848       2.55254403104168848    
  176   2.58526895451658412       2.58526895451658412    
  177   2.61799387799147931       2.61799387799147931    
  178   2.65071880146637495       2.65071880146637495    
  179   2.68344372494127281       2.68344372494127281    
  180   2.71616864841617023       2.71616864841617023    
  181   2.74889357189106809       2.74889357189106809    
  182   2.78161849536596595       2.78161849536596595    
  183   2.81434341884086381       2.81434341884086381    
  184   2.84706834231576167       2.84706834231576167    
  185   2.87979326579065464       2.87979326579065464    
  186   2.91251818926554806       2.91251818926554806    
  187   2.94524311274044104       2.94524311274044104    
  188   2.97796803621533313       2.97796803621533313    
  189   3.01069295969022521       3.01069295969022521    
  190   3.04341788316511730       3.04341788316511730    
  191   3.07614280664000939       3.07614280664000939    
  192   3.10886773011490147       3.10886773011490147    
#gg4start - starting field - bmagstart bmagstart
    1   1.20757071928951620       1.20757071928951620    
    2  0.862550513778225558      0.862550513778225558    
    3   1.20743664008397800       1.20743664008397800    
    4   1.20704904019692605       1.20704904019692605    
    5   1.20640888158752668       1.20640888158752668    
    6   1.20550339867222256       1.20550339867222256    
    7   1.20434877700680487       1.20434877700680487    
    8   1.20294785813280436       1.20294785813280436    
    9   1.20128998690957722       1.20128998690957722    
   10   1.19939250241114714       1.19939250241114714    
   11   1.19725999659062254       1.19725999659062254    
   12   1.19488406840604622       1.19488406840604622    
   13   1.19228276809860301       1.19228276809860301    
   14   1.18946223501165993       1.18946223501165993    
   15   1.18641637050665594       1.18641637050665594    
   16   1.18316347116009535       1.18316347116009535    
   17   1.17971096348888183       1.17971096348888183    
   18   1.17605501086187658       1.17605501086187658    
   19   1.17221369535391795       1.17221369535391795    
   20   1.16819543342907339       1.16819543342907339    
   21   1.16399853395930775       1.16399853395930775    
   22   1.15964043238991721       1.15964043238991721    
   23   1.15513022220064876       1.15513022220064876    
   24   1.15046818171171172       1.15046818171171172    
   25   1.14567071702984147       1.14567071702984147    
   26   1.14074729015620147       1.14074729015620147    
   27   1.13569993161335225       1.13569993161335225    
   28   1.13054370005680926       1.13054370005680926    
   29   1.12528813910775560       1.12528813910775560    
   30   1.11993679120833112       1.11993679120833112    
   31   1.11450312300185961       1.11450312300185961    
   32   1.10899650741500722       1.10899650741500722    
   33   1.10342175184071678       1.10342175184071678    
   34   1.09779056274456099       1.09779056274456099    
   35   1.09211193298417331       1.09211193298417331    
   36   1.08639169473821329       1.08639169473821329    
   37   1.08063970000769105       1.08063970000769105    
   38   1.07486439899713959       1.07486439899713959    
   39   1.06907242543333902       1.06907242543333902    
   40   1.06327174973317917       1.06327174973317917    
   41   1.05747016359902291       1.05747016359902291    
   42   1.05167490272585340       1.05167490272585340    
   43   1.04589208643124620       1.04589208643124620    
   44   1.04012877570639528       1.04012877570639528    
   45   1.03439263595141528       1.03439263595141528    
   46   1.02868801237748042       1.02868801237748042    
   47   1.02302120151950393       1.02302120151950393    
   48   1.01740015465740075       1.01740015465740075    
   49   1.01182755491460297       1.01182755491460297    
   50   1.00630893274126199       1.00630893274126199    
   51   1.00085240910916373       1.00085240910916373    
   52  0.995459141124892755      0.995459141124892755    
   53  0.990133916895035382      0.990133916895035382    
   54  0.984884936416124956      0.984884936416124956    
   55  0.979711981054286918      0.979711981054286918    
   56  0.974619139125418310      0.974619139125418310    
   57  0.969614621602500226      0.969614621602500226    
   58  0.964696990231049156      0.964696990231049156    
   59  0.959869688931619169      0.959869688931619169    
   60  0.955140890962413391      0.955140890962413391    
   61  0.950508093675001664      0.950508093675001664    
   62  0.945974159681966298      0.945974159681966298    
   63  0.941547191884317791      0.941547191884317791    
   64  0.937223772438729896      0.937223772438729896    
   65  0.933006249190175718      0.933006249190175718    
   66  0.928902634943545191      0.928902634943545191    
   67  0.924908736166424550      0.924908736166424550    
   68  0.921026452593801115      0.921026452593801115    
   69  0.917263697239266151      0.917263697239266151    
   70  0.913615628300199933      0.913615628300199933    
   71  0.910083761669658098      0.910083761669658098    
   72  0.906675908400097041      0.906675908400097041    
   73  0.903386692405644842      0.903386692405644842    
   74  0.900217305826079284      0.900217305826079284    
   75  0.897175460939144909      0.897175460939144909    
   76  0.894255347411334833      0.894255347411334833    
   77  0.891457888338239912      0.891457888338239912    
   78  0.888790703922463732      0.888790703922463732    
   79  0.886247635767563824      0.886247635767563824    
   80  0.883829386516513993      0.883829386516513993    
   81  0.881543492950594532      0.881543492950594532    
   82  0.879383521485586850      0.879383521485586850    
   83  0.877349996392218667      0.877349996392218667    
   84  0.875450380313204324      0.875450380313204324    
   85  0.873678024876325954      0.873678024876325954    
   86  0.872033311396686162      0.872033311396686162    
   87  0.870523637145378948      0.870523637145378948    
   88  0.869142187896182805      0.869142187896182805    
   89  0.867889230763696840      0.867889230763696840    
   90  0.866772104883155703      0.866772104883155703    
   91  0.865783868738753570      0.865783868738753570    
   92  0.864924697425848210      0.864924697425848210    
   93  0.864201876715486317      0.864201876715486317    
   94  0.863608367116204145      0.863608367116204145    
   95  0.863144267430939083      0.863144267430939083    
   96  0.862816811482485457      0.862816811482485457    
   97  0.862618882966687539      0.862618882966687539    
   98   0.00000000000000000       0.00000000000000000    
   99   0.00000000000000000       0.00000000000000000    
  100   0.00000000000000000       0.00000000000000000    
  101   0.00000000000000000       0.00000000000000000    
  102   0.00000000000000000       0.00000000000000000    
  103   0.00000000000000000       0.00000000000000000    
  104   0.00000000000000000       0.00000000000000000    
  105   0.00000000000000000       0.00000000000000000    
  106   0.00000000000000000       0.00000000000000000    
  107   0.00000000000000000       0.00000000000000000    
  108   0.00000000000000000       0.00000000000000000    
  109   0.00000000000000000       0.00000000000000000    
  110   0.00000000000000000       0.00000000000000000    
  111   0.00000000000000000       0.00000000000000000    
  112   0.00000000000000000       0.00000000000000000    
  113   0.00000000000000000       0.00000000000000000    
  114   0.00000000000000000       0.00000000000000000    
  115   0.00000000000000000       0.00000000000000000    
  116   0.00000000000000000       0.00000000000000000    
  117   0.00000000000000000       0.00000000000000000    
  118   0.00000000000000000       0.00000000000000000    
  119   0.00000000000000000       0.00000000000000000    
  120   0.00000000000000000       0.00000000000000000    
  121   0.00000000000000000       0.00000000000000000    
  122   0.00000000000000000       0.00000000000000000    
  123   0.00000000000000000       0.00000000000000000    
  124   0.00000000000000000       0.00000000000000000    
  125   0.00000000000000000       0.00000000000000000    
  126   0.00000000000000000       0.00000000000000000    
  127   0.00000000000000000       0.00000000000000000    
  128   0.00000000000000000       0.00000000000000000    
  129   0.00000000000000000       0.00000000000000000    
  130   0.00000000000000000       0.00000000000000000    
  131   0.00000000000000000       0.00000000000000000    
  132   0.00000000000000000       0.00000000000000000    
  133   0.00000000000000000       0.00000000000000000    
  134   0.00000000000000000       0.00000000000000000    
  135   0.00000000000000000       0.00000000000000000    
  136   0.00000000000000000       0.00000000000000000    
  137   0.00000000000000000       0.00000000000000000    
  138   0.00000000000000000       0.00000000000000000    
  139   0.00000000000000000       0.00000000000000000    
  140   0.00000000000000000       0.00000000000000000    
  141   0.00000000000000000       0.00000000000000000    
  142   0.00000000000000000       0.00000000000000000    
  143   0.00000000000000000       0.00000000000000000    
  144   0.00000000000000000       0.00000000000000000    
  145   0.00000000000000000       0.00000000000000000    
  146   0.00000000000000000       0.00000000000000000    
  147   0.00000000000000000       0.00000000000000000    
  148   0.00000000000000000       0.00000000000000000    
  149   0.00000000000000000       0.00000000000000000    
  150   0.00000000000000000       0.00000000000000000    
  151   0.00000000000000000       0.00000000000000000    
  152   0.00000000000000000       0.00000000000000000    
  153   0.00000000000000000       0.00000000000000000    
  154   0.00000000000000000       0.00000000000000000    
  155   0.00000000000000000       0.00000000000000000    
  156   0.00000000000000000       0.00000000000000000    
  157   0.00000000000000000       0.00000000000000000    
  158   0.00000000000000000       0.00000000000000000    
  159   0.00000000000000000       0.00000000000000000    
  160   0.00000000000000000       0.00000000000000000    
  161   0.00000000000000000       0.00000000000000000    
  162   0.00000000000000000       0.00000000000000000    
  163   0.00000000000000000       0.00000000000000000    
  164   0.00000000000000000       0.00000000000000000    
  165   0.00000000000000000       0.00000000000000000    
  166   0.00000000000000000       0.00000000000000000    
  167   0.00000000000000000       0.00000000000000000    
  168   0.00000000000000000       0.00000000000000000    
  169   0.00000000000000000       0.00000000000000000    
  170   0.00000000000000000       0.00000000000000000    
  171   0.00000000000000000       0.00000000000000000    
  172   0.00000000000000000       0.00000000000000000    
  173   0.00000000000000000       0.00000000000000000    
  174   0.00000000000000000       0.00000000000000000    
  175   0.00000000000000000       0.00000000000000000    
  176   0.00000000000000000       0.00000000000000000    
  177   0.00000000000000000       0.00000000000000000    
  178   0.00000000000000000       0.00000000000000000    
  179   0.00000000000000000       0.00000000000000000    
  180   0.00000000000000000       0.00000000000000000    
  181   0.00000000000000000       0.00000000000000000    
  182   0.00000000000000000       0.00000000000000000    
  183   0.00000000000000000       0.00000000000000000    
  184   0.00000000000000000       0.00000000000000000    
  185   0.00000000000000000       0.00000000000000000    
  186   0.00000000000000000       0.00000000000000000    
  187   0.00000000000000000       0.00000000000000000    
  188   0.00000000000000000       0.00000000000000000    
  189   0.00000000000000000       0.00000000000000000    
  190   0.00000000000000000       0.00000000000000000    
  191   0.00000000000000000       0.00000000000000000    
  192   0.00000000000000000       0.00000000000000000    
#gg4start - essentialstart
           1 T
           2 T
           3 F
           4 F
           5 F
           6 F
           7 F
           8 F
           9 F
          10 F
          11 F
          12 F
          13 F
          14 F
          15 F
          16 F
          17 F
          18 F
          19 F
          20 F
          21 F
          22 F
          23 F
          24 F
          25 F
          26 F
          27 F
          28 F
          29 F
          30 F
          31 F
          32 F
          33 F
          34 F
          35 F
          36 F
          37 F
          38 F
          39 F
          40 F
          41 F
          42 F
          43 F
          44 F
          45 F
          46 F
          47 F
          48 F
          49 F
          50 F
          51 F
          52 F
          53 F
          54 F
          55 F
          56 F
          57 F
          58 F
          59 F
          60 F
          61 F
          62 F
          63 F
          64 F
          65 F
          66 F
          67 F
          68 F
          69 F
          70 F
          71 F
          72 F
          73 F
          74 F
          75 F
          76 F
          77 F
          78 F
          79 F
          80 F
          81 F
          82 F
          83 F
          84 F
          85 F
          86 F
          87 F
          88 F
          89 F
          90 F
          91 F
          92 F
          93 F
          94 F
          95 F
          96 F
          97 F
          98 F
          99 F
         100 F
         101 F
         102 F
         103 F
         104 F
         105 F
         106 F
         107 F
         108 F
         109 F
         110 F
         111 F
         112 F
         113 F
         114 F
         115 F
         116 F
         117 F
         118 F
         119 F
         120 F
         121 F
         122 F
         123 F
         124 F
         125 F
         126 F
         127 F
         128 F
         129 F
         130 F
         131 F
         132 F
         133 F
         134 F
         135 F
         136 F
         137 F
         138 F
         139 F
         140 F
         141 F
         142 F
         143 F
         144 F
         145 F
         146 F
         147 F
         148 F
         149 F
         150 F
         151 F
         152 F
         153 F
         154 F
         155 F
         156 F
         157 F
         158 F
         159 F
         160 F
         161 F
         162 F
         163 F
         164 F
         165 F
         166 F
         167 F
         168 F
         169 F
         170 F
         171 F
         172 F
         173 F
         174 F
         175 F
         176 F
         177 F
         178 F
         179 F
         180 F
         181 F
         182 F
         183 F
         184 F
         185 F
         186 F
         187 F
         188 F
         189 F
         190 F
         191 F
         192 F
# gg4collect - bmagset bmagset
    1   1.20757071928951620       1.20757071928951620    
    2  0.862550513778225558      0.862550513778225558    
    3   1.20743664008397800       1.20743664008397800    
    4   1.20704904019692605       1.20704904019692605    
    5   1.20640888158752668       1.20640888158752668    
    6   1.20550339867222256       1.20550339867222256    
    7   1.20434877700680487       1.20434877700680487    
    8   1.20294785813280436       1.20294785813280436    
    9   1.20128998690957722       1.20128998690957722    
   10   1.19939250241114714       1.19939250241114714    
   11   1.19725999659062254       1.19725999659062254    
   12   1.19488406840604622       1.19488406840604622    
   13   1.19228276809860301       1.19228276809860301    
   14   1.18946223501165993       1.18946223501165993    
   15   1.18641637050665594       1.18641637050665594    
   16   1.18316347116009535       1.18316347116009535    
   17   1.17971096348888183       1.17971096348888183    
   18   1.17605501086187658       1.17605501086187658    
   19   1.17221369535391795       1.17221369535391795    
   20   1.16819543342907339       1.16819543342907339    
   21   1.16399853395930775       1.16399853395930775    
   22   1.15964043238991721       1.15964043238991721    
   23   1.15513022220064876       1.15513022220064876    
   24   1.15046818171171172       1.15046818171171172    
   25   1.14567071702984147       1.14567071702984147    
   26   1.14074729015620147       1.14074729015620147    
   27   1.13569993161335225       1.13569993161335225    
   28   1.13054370005680926       1.13054370005680926    
   29   1.12528813910775560       1.12528813910775560    
   30   1.11993679120833112       1.11993679120833112    
   31   1.11450312300185961       1.11450312300185961    
   32   1.10899650741500722       1.10899650741500722    
   33   1.10342175184071678       1.10342175184071678    
   34   1.09779056274456099       1.09779056274456099    
   35   1.09211193298417331       1.09211193298417331    
   36   1.08639169473821329       1.08639169473821329    
   37   1.08063970000769105       1.08063970000769105    
   38   1.07486439899713959       1.07486439899713959    
   39   1.06907242543333902       1.06907242543333902    
   40   1.06327174973317917       1.06327174973317917    
   41   1.05747016359902291       1.05747016359902291    
   42   1.05167490272585340       1.05167490272585340    
   43   1.04589208643124620       1.04589208643124620    
   44   1.04012877570639528       1.04012877570639528    
   45   1.03439263595141528       1.03439263595141528    
   46   1.02868801237748042       1.02868801237748042    
   47   1.02302120151950393       1.02302120151950393    
   48   1.01740015465740075       1.01740015465740075    
   49   1.01182755491460297       1.01182755491460297    
   50   1.00630893274126199       1.00630893274126199    
   51   1.00085240910916373       1.00085240910916373    
   52  0.995459141124892755      0.995459141124892755    
   53  0.990133916895035382      0.990133916895035382    
   54  0.984884936416124956      0.984884936416124956    
   55  0.979711981054286918      0.979711981054286918    
   56  0.974619139125418310      0.974619139125418310    
   57  0.969614621602500226      0.969614621602500226    
   58  0.964696990231049156      0.964696990231049156    
   59  0.959869688931619169      0.959869688931619169    
   60  0.955140890962413391      0.955140890962413391    
   61  0.950508093675001664      0.950508093675001664    
   62  0.945974159681966298      0.945974159681966298    
   63  0.941547191884317791      0.941547191884317791    
   64  0.937223772438729896      0.937223772438729896    
   65  0.933006249190175718      0.933006249190175718    
   66  0.928902634943545191      0.928902634943545191    
   67  0.924908736166424550      0.924908736166424550    
   68  0.921026452593801115      0.921026452593801115    
   69  0.917263697239266151      0.917263697239266151    
   70  0.913615628300199933      0.913615628300199933    
   71  0.910083761669658098      0.910083761669658098    
   72  0.906675908400097041      0.906675908400097041    
   73  0.903386692405644842      0.903386692405644842    
   74  0.900217305826079284      0.900217305826079284    
   75  0.897175460939144909      0.897175460939144909    
   76  0.894255347411334833      0.894255347411334833    
   77  0.891457888338239912      0.891457888338239912    
   78  0.888790703922463732      0.888790703922463732    
   79  0.886247635767563824      0.886247635767563824    
   80  0.883829386516513993      0.883829386516513993    
   81  0.881543492950594532      0.881543492950594532    
   82  0.879383521485586850      0.879383521485586850    
   83  0.877349996392218667      0.877349996392218667    
   84  0.875450380313204324      0.875450380313204324    
   85  0.873678024876325954      0.873678024876325954    
   86  0.872033311396686162      0.872033311396686162    
   87  0.870523637145378948      0.870523637145378948    
   88  0.869142187896182805      0.869142187896182805    
   89  0.867889230763696840      0.867889230763696840    
   90  0.866772104883155703      0.866772104883155703    
   91  0.865783868738753570      0.865783868738753570    
   92  0.864924697425848210      0.864924697425848210    
   93  0.864201876715486317      0.864201876715486317    
   94  0.863608367116204145      0.863608367116204145    
   95  0.863144267430939083      0.863144267430939083    
   96  0.862816811482485457      0.862816811482485457    
   97  0.862618882966687539      0.862618882966687539    
   98   0.00000000000000000       0.00000000000000000    
   99   0.00000000000000000       0.00000000000000000    
  100   0.00000000000000000       0.00000000000000000    
  101   0.00000000000000000       0.00000000000000000    
  102   0.00000000000000000       0.00000000000000000    
  103   0.00000000000000000       0.00000000000000000    
  104   0.00000000000000000       0.00000000000000000    
  105   0.00000000000000000       0.00000000000000000    
  106   0.00000000000000000       0.00000000000000000    
  107   0.00000000000000000       0.00000000000000000    
  108   0.00000000000000000       0.00000000000000000    
  109   0.00000000000000000       0.00000000000000000    
  110   0.00000000000000000       0.00000000000000000    
  111   0.00000000000000000       0.00000000000000000    
  112   0.00000000000000000       0.00000000000000000    
  113   0.00000000000000000       0.00000000000000000    
  114   0.00000000000000000       0.00000000000000000    
  115   0.00000000000000000       0.00000000000000000    
  116   0.00000000000000000       0.00000000000000000    
  117   0.00000000000000000       0.00000000000000000    
  118   0.00000000000000000       0.00000000000000000    
  119   0.00000000000000000       0.00000000000000000    
  120   0.00000000000000000       0.00000000000000000    
  121   0.00000000000000000       0.00000000000000000    
  122   0.00000000000000000       0.00000000000000000    
  123   0.00000000000000000       0.00000000000000000    
  124   0.00000000000000000       0.00000000000000000    
  125   0.00000000000000000       0.00000000000000000    
  126   0.00000000000000000       0.00000000000000000    
  127   0.00000000000000000       0.00000000000000000    
  128   0.00000000000000000       0.00000000000000000    
  129   0.00000000000000000       0.00000000000000000    
  130   0.00000000000000000       0.00000000000000000    
  131   0.00000000000000000       0.00000000000000000    
  132   0.00000000000000000       0.00000000000000000    
  133   0.00000000000000000       0.00000000000000000    
  134   0.00000000000000000       0.00000000000000000    
  135   0.00000000000000000       0.00000000000000000    
  136   0.00000000000000000       0.00000000000000000    
  137   0.00000000000000000       0.00000000000000000    
  138   0.00000000000000000       0.00000000000000000    
  139   0.00000000000000000       0.00000000000000000    
  140   0.00000000000000000       0.00000000000000000    
  141   0.00000000000000000       0.00000000000000000    
  142   0.00000000000000000       0.00000000000000000    
  143   0.00000000000000000       0.00000000000000000    
  144   0.00000000000000000       0.00000000000000000    
  145   0.00000000000000000       0.00000000000000000    
  146   0.00000000000000000       0.00000000000000000    
  147   0.00000000000000000       0.00000000000000000    
  148   0.00000000000000000       0.00000000000000000    
  149   0.00000000000000000       0.00000000000000000    
  150   0.00000000000000000       0.00000000000000000    
  151   0.00000000000000000       0.00000000000000000    
  152   0.00000000000000000       0.00000000000000000    
  153   0.00000000000000000       0.00000000000000000    
  154   0.00000000000000000       0.00000000000000000    
  155   0.00000000000000000       0.00000000000000000    
  156   0.00000000000000000       0.00000000000000000    
  157   0.00000000000000000       0.00000000000000000    
  158   0.00000000000000000       0.00000000000000000    
  159   0.00000000000000000       0.00000000000000000    
  160   0.00000000000000000       0.00000000000000000    
  161   0.00000000000000000       0.00000000000000000    
  162   0.00000000000000000       0.00000000000000000    
  163   0.00000000000000000       0.00000000000000000    
  164   0.00000000000000000       0.00000000000000000    
  165   0.00000000000000000       0.00000000000000000    
  166   0.00000000000000000       0.00000000000000000    
  167   0.00000000000000000       0.00000000000000000    
  168   0.00000000000000000       0.00000000000000000    
  169   0.00000000000000000       0.00000000000000000    
  170   0.00000000000000000       0.00000000000000000    
  171   0.00000000000000000       0.00000000000000000    
  172   0.00000000000000000       0.00000000000000000    
  173   0.00000000000000000       0.00000000000000000    
  174   0.00000000000000000       0.00000000000000000    
  175   0.00000000000000000       0.00000000000000000    
  176   0.00000000000000000       0.00000000000000000    
  177   0.00000000000000000       0.00000000000000000    
  178   0.00000000000000000       0.00000000000000000    
  179   0.00000000000000000       0.00000000000000000    
  180   0.00000000000000000       0.00000000000000000    
  181   0.00000000000000000       0.00000000000000000    
  182   0.00000000000000000       0.00000000000000000    
  183   0.00000000000000000       0.00000000000000000    
  184   0.00000000000000000       0.00000000000000000    
  185   0.00000000000000000       0.00000000000000000    
  186   0.00000000000000000       0.00000000000000000    
  187   0.00000000000000000       0.00000000000000000    
  188   0.00000000000000000       0.00000000000000000    
  189   0.00000000000000000       0.00000000000000000    
  190   0.00000000000000000       0.00000000000000000    
  191   0.00000000000000000       0.00000000000000000    
  192   0.00000000000000000       0.00000000000000000    
# gg4collect - thetasetset ibmagsetset icollsetset
    1  -3.14159265358979312        1          2
    2  0.112619288255305222E-14    2          2
    3  -3.10886773011490103        3          2
    4   3.10886773011421758        3       3222
    5  -3.07614280664000939        4          2
    6   3.07614280663966078        4       3222
    7  -3.04341788316511730        5          2
    8   3.04341788316511730        5        331
    9  -3.01069295969022521        6          2
   10   3.01069295969022166        6       3222
   11  -2.97796803621533313        7          2
   12   2.97796803621533090        7       3222
   13  -2.94524311274044104        8          2
   14   2.94524311274044104        8        331
   15  -2.91251818926554806        9          2
   16   2.91251818926554762        9       3222
   17  -2.87979326579065509       10          2
   18   2.87979326579065864       10       3222
   19  -2.84706834231576211       11          2
   20   2.84706834231576167       11        331
   21  -2.81434341884086425       12          2
   22   2.81434341884086470       12       3222
   23  -2.78161849536596595       13          2
   24   2.78161849536596595       13       3222
   25  -2.74889357189106809       14          2
   26   2.74889357189106809       14        331
   27  -2.71616864841617023       15          2
   28   2.71616864841617023       15       3222
   29  -2.68344372494127281       16          2
   30   2.68344372494127281       16       3222
   31  -2.65071880146637495       17          2
   32   2.65071880146637495       17        331
   33  -2.61799387799147931       18          2
   34   2.61799387799147887       18       3222
   35  -2.58526895451658367       19          2
   36   2.58526895451658412       19       3222
   37  -2.55254403104168803       20          2
   38   2.55254403104168848       20        331
   39  -2.51981910756679417       21          2
   40   2.51981910756679506       21       3222
   41  -2.48709418409189986       22          2
   42   2.48709418409190075       22       3222
   43  -2.45436926061700600       23          2
   44   2.45436926061700644       23        331
   45  -2.42164433714211524       24          2
   46   2.42164433714211569       24       3222
   47  -2.38891941366722405       25          2
   48   2.38891941366722538       25       3222
   49  -2.35619449019233329       26          2
   50   2.35619449019233418       26        331
   51  -2.32346956671744209       27          2
   52   2.32346956671744298       27       3222
   53  -2.29074464324255045       28          2
   54   2.29074464324255045       28       3222
   55  -2.25801971976765925       29          2
   56   2.25801971976766014       29        331
   57  -2.22529479629276405       30          2
   58   2.22529479629276405       30       3222
   59  -2.19256987281786841       31          2
   60   2.19256987281786930       31       3222
   61  -2.15984494934297322       32          2
   62   2.15984494934297366       32        331
   63  -2.12712002586807802       33          2
   64   2.12712002586807980       33       3222
   65  -2.09439510239318238       34          2
   66   2.09439510239318327       34       3222
   67  -2.06167017891828719       35          2
   68   2.06167017891828852       35        331
   69  -2.02894525544339421       36          2
   70   2.02894525544339466       36       3222
   71  -1.99622033196850102       37          2
   72   1.99622033196850346       37       3222
   73  -1.96349540849360804       38          2
   74   1.96349540849360915       38        331
   75  -1.93077048501871618       39          2
   76   1.93077048501871751       39       3222
   77  -1.89804556154382409       40          2
   78   1.89804556154382587       40       3222
   79  -1.86532063806893222       41          2
   80   1.86532063806893289       41        331
   81  -1.83259571459403925       42          2
   82   1.83259571459403903       42       3222
   83  -1.79987079111914627       43          2
   84   1.79987079111914783       43       3222
   85  -1.76714586764425330       44          2
   86   1.76714586764425374       44        331
   87  -1.73442094416936010       45          2
   88   1.73442094416936099       45       3222
   89  -1.70169602069446713       46          2
   90   1.70169602069446713       46       3222
   91  -1.66897109721957393       47          2
   92   1.66897109721957437       47        331
   93  -1.63624617374468118       48          2
   94   1.63624617374468073       48       3222
   95  -1.60352125026978820       49          2
   96   1.60352125026978931       49       3222
   97  -1.57079632679489545       50          2
   98   1.57079632679489611       50        331
   99  -1.53807140332000269       51          2
  100   1.53807140332000403       51       3222
  101  -1.50534647984510994       52          2
  102   1.50534647984511238       52       3222
  103  -1.47262155637021719       53          2
  104   1.47262155637021896       53        331
  105  -1.43989663289532421       54          2
  106   1.43989663289532599       54       3222
  107  -1.40717170942043102       55          2
  108   1.40717170942043213       55       3222
  109  -1.37444678594553804       56          2
  110   1.37444678594553937       56        331
  111  -1.34172186247064507       57          2
  112   1.34172186247064595       57       3222
  113  -1.30899693899575209       58          2
  114   1.30899693899575298       58       3222
  115  -1.27627201552085912       59          2
  116   1.27627201552085889       59       3222
  117  -1.24354709204596703       60          2
  118   1.24354709204596792       60       3222
  119  -1.21082216857107516       61          2
  120   1.21082216857107716       61       3222
  121  -1.17809724509618308       62          2
  122   1.17809724509618485       62        331
  123  -1.14537232162129010       63          2
  124   1.14537232162129232       63       3222
  125  -1.11264739814639713       64          2
  126   1.11264739814639912       64       3222
  127  -1.07992247467150415       65          2
  128   1.07992247467150682       65       3222
  129  -1.04719755119660873       66          2
  130   1.04719755119661118       66       3222
  131  -1.01447262772171332       67          2
  132   1.01447262772171620       67       3222
  133 -0.981747704246818009       68          2
  134  0.981747704246820341       68        331
  135 -0.949022780771922592       69          2
  136  0.949022780771924368       69       3222
  137 -0.916297857297027174       70          2
  138  0.916297857297029505       70       3222
  139 -0.883572933822131756       71          2
  140  0.883572933822134976       71        331
  141 -0.850848010347240336       72          2
  142  0.850848010347242556       72       3222
  143 -0.818123086872349026       73          2
  144  0.818123086872351246       73       3222
  145 -0.785398163397457605       74          2
  146  0.785398163397460269       74        331
  147 -0.752673239922566850       75          2
  148  0.752673239922568516       75       3222
  149 -0.719948316447676206       76          2
  150  0.719948316447679315       76       3222
  151 -0.687223392972785452       77          2
  152  0.687223392972787672       77        331
  153 -0.654498469497891366       78          2
  154  0.654498469497895696       78       3222
  155 -0.621773546022997281       79          2
  156  0.621773546023000612       79       3222
  157 -0.589048622548103196       80          2
  158  0.589048622548105860       80        331
  159 -0.556323699073207445       81          2
  160  0.556323699073208999       81       3222
  161 -0.523598775598311583       82          2
  162  0.523598775598315247       82       3222
  163 -0.490873852123415833       83          2
  164  0.490873852123418553       83        331
  165 -0.458148928648518194       84          2
  166  0.458148928648519749       84       3222
  167 -0.425424005173620556       85          2
  168  0.425424005173623887       85       3222
  169 -0.392699081698722918       86          2
  170  0.392699081698725139       86        331
  171 -0.359974158223825114       87          2
  172  0.359974158223826390       87       3222
  173 -0.327249234748927309       88          2
  174  0.327249234748927753       88       3222
  175 -0.294524311274029504       89          2
  176  0.294524311274031725       89        331
  177 -0.261799387799136418       90          2
  178  0.261799387799137695       90       3222
  179 -0.229074464324243332       91          2
  180  0.229074464324243693       91       3222
  181 -0.196349540849350246       92          2
  182  0.196349540849358073       92       3222
  183 -0.163624617374458353       93          2
  184  0.163624617374456716       93       3222
  185 -0.130899693899566461       94          2
  186  0.130899693899566488       94       3222
  187 -0.981747704246745678E-01   95          2
  188  0.981747704246763025E-01   95        331
  189 -0.654498469497826751E-01   96          2
  190  0.654498469497920010E-01   96       3222
  191 -0.327249234748907686E-01   97          2
  192  0.327249234748965695E-01   97       3222
#gg4sort - thetasetset ithetasort ithetasort
    1  -3.14159265358979312        1          1
    2  0.112619288255305222E-14    3          3
    3  -3.10886773011490103        5          5
    4   3.10886773011421758        7          7
    5  -3.07614280664000939        9          9
    6   3.07614280663966078       11         11
    7  -3.04341788316511730       13         13
    8   3.04341788316511730       15         15
    9  -3.01069295969022521       17         17
   10   3.01069295969022166       19         19
   11  -2.97796803621533313       21         21
   12   2.97796803621533090       23         23
   13  -2.94524311274044104       25         25
   14   2.94524311274044104       27         27
   15  -2.91251818926554806       29         29
   16   2.91251818926554762       31         31
   17  -2.87979326579065509       33         33
   18   2.87979326579065864       35         35
   19  -2.84706834231576211       37         37
   20   2.84706834231576167       39         39
   21  -2.81434341884086425       41         41
   22   2.81434341884086470       43         43
   23  -2.78161849536596595       45         45
   24   2.78161849536596595       47         47
   25  -2.74889357189106809       49         49
   26   2.74889357189106809       51         51
   27  -2.71616864841617023       53         53
   28   2.71616864841617023       55         55
   29  -2.68344372494127281       57         57
   30   2.68344372494127281       59         59
   31  -2.65071880146637495       61         61
   32   2.65071880146637495       63         63
   33  -2.61799387799147931       65         65
   34   2.61799387799147887       67         67
   35  -2.58526895451658367       69         69
   36   2.58526895451658412       71         71
   37  -2.55254403104168803       73         73
   38   2.55254403104168848       75         75
   39  -2.51981910756679417       77         77
   40   2.51981910756679506       79         79
   41  -2.48709418409189986       81         81
   42   2.48709418409190075       83         83
   43  -2.45436926061700600       85         85
   44   2.45436926061700644       87         87
   45  -2.42164433714211524       89         89
   46   2.42164433714211569       91         91
   47  -2.38891941366722405       93         93
   48   2.38891941366722538       95         95
   49  -2.35619449019233329       97         97
   50   2.35619449019233418       99         99
   51  -2.32346956671744209      101        101
   52   2.32346956671744298      103        103
   53  -2.29074464324255045      105        105
   54   2.29074464324255045      107        107
   55  -2.25801971976765925      109        109
   56   2.25801971976766014      111        111
   57  -2.22529479629276405      113        113
   58   2.22529479629276405      115        115
   59  -2.19256987281786841      117        117
   60   2.19256987281786930      119        119
   61  -2.15984494934297322      121        121
   62   2.15984494934297366      123        123
   63  -2.12712002586807802      125        125
   64   2.12712002586807980      127        127
   65  -2.09439510239318238      129        129
   66   2.09439510239318327      131        131
   67  -2.06167017891828719      133        133
   68   2.06167017891828852      135        135
   69  -2.02894525544339421      137        137
   70   2.02894525544339466      139        139
   71  -1.99622033196850102      141        141
   72   1.99622033196850346      143        143
   73  -1.96349540849360804      145        145
   74   1.96349540849360915      147        147
   75  -1.93077048501871618      149        149
   76   1.93077048501871751      151        151
   77  -1.89804556154382409      153        153
   78   1.89804556154382587      155        155
   79  -1.86532063806893222      157        157
   80   1.86532063806893289      159        159
   81  -1.83259571459403925      161        161
   82   1.83259571459403903      163        163
   83  -1.79987079111914627      165        165
   84   1.79987079111914783      167        167
   85  -1.76714586764425330      169        169
   86   1.76714586764425374      171        171
   87  -1.73442094416936010      173        173
   88   1.73442094416936099      175        175
   89  -1.70169602069446713      177        177
   90   1.70169602069446713      179        179
   91  -1.66897109721957393      181        181
   92   1.66897109721957437      183        183
   93  -1.63624617374468118      185        185
   94   1.63624617374468073      187        187
   95  -1.60352125026978820      189        189
   96   1.60352125026978931      191        191
   97  -1.57079632679489545        2          2
   98   1.57079632679489611      192        192
   99  -1.53807140332000269      190        190
  100   1.53807140332000403      188        188
  101  -1.50534647984510994      186        186
  102   1.50534647984511238      184        184
  103  -1.47262155637021719      182        182
  104   1.47262155637021896      180        180
  105  -1.43989663289532421      178        178
  106   1.43989663289532599      176        176
  107  -1.40717170942043102      174        174
  108   1.40717170942043213      172        172
  109  -1.37444678594553804      170        170
  110   1.37444678594553937      168        168
  111  -1.34172186247064507      166        166
  112   1.34172186247064595      164        164
  113  -1.30899693899575209      162        162
  114   1.30899693899575298      160        160
  115  -1.27627201552085912      158        158
  116   1.27627201552085889      156        156
  117  -1.24354709204596703      154        154
  118   1.24354709204596792      152        152
  119  -1.21082216857107516      150        150
  120   1.21082216857107716      148        148
  121  -1.17809724509618308      146        146
  122   1.17809724509618485      144        144
  123  -1.14537232162129010      142        142
  124   1.14537232162129232      140        140
  125  -1.11264739814639713      138        138
  126   1.11264739814639912      136        136
  127  -1.07992247467150415      134        134
  128   1.07992247467150682      132        132
  129  -1.04719755119660873      130        130
  130   1.04719755119661118      128        128
  131  -1.01447262772171332      126        126
  132   1.01447262772171620      124        124
  133 -0.981747704246818009      122        122
  134  0.981747704246820341      120        120
  135 -0.949022780771922592      118        118
  136  0.949022780771924368      116        116
  137 -0.916297857297027174      114        114
  138  0.916297857297029505      112        112
  139 -0.883572933822131756      110        110
  140  0.883572933822134976      108        108
  141 -0.850848010347240336      106        106
  142  0.850848010347242556      104        104
  143 -0.818123086872349026      102        102
  144  0.818123086872351246      100        100
  145 -0.785398163397457605       98         98
  146  0.785398163397460269       96         96
  147 -0.752673239922566850       94         94
  148  0.752673239922568516       92         92
  149 -0.719948316447676206       90         90
  150  0.719948316447679315       88         88
  151 -0.687223392972785452       86         86
  152  0.687223392972787672       84         84
  153 -0.654498469497891366       82         82
  154  0.654498469497895696       80         80
  155 -0.621773546022997281       78         78
  156  0.621773546023000612       76         76
  157 -0.589048622548103196       74         74
  158  0.589048622548105860       72         72
  159 -0.556323699073207445       70         70
  160  0.556323699073208999       68         68
  161 -0.523598775598311583       66         66
  162  0.523598775598315247       64         64
  163 -0.490873852123415833       62         62
  164  0.490873852123418553       60         60
  165 -0.458148928648518194       58         58
  166  0.458148928648519749       56         56
  167 -0.425424005173620556       54         54
  168  0.425424005173623887       52         52
  169 -0.392699081698722918       50         50
  170  0.392699081698725139       48         48
  171 -0.359974158223825114       46         46
  172  0.359974158223826390       44         44
  173 -0.327249234748927309       42         42
  174  0.327249234748927753       40         40
  175 -0.294524311274029504       38         38
  176  0.294524311274031725       36         36
  177 -0.261799387799136418       34         34
  178  0.261799387799137695       32         32
  179 -0.229074464324243332       30         30
  180  0.229074464324243693       28         28
  181 -0.196349540849350246       26         26
  182  0.196349540849358073       24         24
  183 -0.163624617374458353       22         22
  184  0.163624617374456716       20         20
  185 -0.130899693899566461       18         18
  186  0.130899693899566488       16         16
  187 -0.981747704246745678E-01   14         14
  188  0.981747704246763025E-01   12         12
  189 -0.654498469497826751E-01   10         10
  190  0.654498469497920010E-01    8          8
  191 -0.327249234748907686E-01    6          6
  192  0.327249234748965695E-01    4          4
#gg4sort - bmagset ibmagsort ibmagsort
    1   1.20757071928951620      192        192
    2  0.862550513778225558      132        132
    3   1.20743664008397800      123        123
    4   1.20704904019692605      124        124
    5   1.20640888158752668      125        125
    6   1.20550339867222256      126        126
    7   1.20434877700680487      127        127
    8   1.20294785813280436      128        128
    9   1.20128998690957722      129        129
   10   1.19939250241114714      130        130
   11   1.19725999659062254      131        131
   12   1.19488406840604622      133        133
   13   1.19228276809860301      121        121
   14   1.18946223501165993      134        134
   15   1.18641637050665594      135        135
   16   1.18316347116009535      136        136
   17   1.17971096348888183      137        137
   18   1.17605501086187658      138        138
   19   1.17221369535391795      139        139
   20   1.16819543342907339      140        140
   21   1.16399853395930775      141        141
   22   1.15964043238991721      142        142
   23   1.15513022220064876      122        122
   24   1.15046818171171172      120        120
   25   1.14567071702984147      144        144
   26   1.14074729015620147      108        108
   27   1.13569993161335225       99         99
   28   1.13054370005680926      100        100
   29   1.12528813910775560      101        101
   30   1.11993679120833112      102        102
   31   1.11450312300185961      103        103
   32   1.10899650741500722      104        104
   33   1.10342175184071678      105        105
   34   1.09779056274456099      106        106
   35   1.09211193298417331      107        107
   36   1.08639169473821329      109        109
   37   1.08063970000769105      119        119
   38   1.07486439899713959      110        110
   39   1.06907242543333902      111        111
   40   1.06327174973317917      112        112
   41   1.05747016359902291      113        113
   42   1.05167490272585340      114        114
   43   1.04589208643124620      115        115
   44   1.04012877570639528      116        116
   45   1.03439263595141528      117        117
   46   1.02868801237748042      118        118
   47   1.02302120151950393      143        143
   48   1.01740015465740075      145        145
   49   1.01182755491460297       98         98
   50   1.00630893274126199      146        146
   51   1.00085240910916373      181        181
   52  0.995459141124892755      172        172
   53  0.990133916895035382      173        173
   54  0.984884936416124956      174        174
   55  0.979711981054286918      175        175
   56  0.974619139125418310      176        176
   57  0.969614621602500226      177        177
   58  0.964696990231049156      178        178
   59  0.959869688931619169      179        179
   60  0.955140890962413391      180        180
   61  0.950508093675001664      182        182
   62  0.945974159681966298      170        170
   63  0.941547191884317791      183        183
   64  0.937223772438729896      184        184
   65  0.933006249190175718      185        185
   66  0.928902634943545191      186        186
   67  0.924908736166424550      187        187
   68  0.921026452593801115      188        188
   69  0.917263697239266151      189        189
   70  0.913615628300199933      190        190
   71  0.910083761669658098      191        191
   72  0.906675908400097041      171        171
   73  0.903386692405644842      169        169
   74  0.900217305826079284      147        147
   75  0.897175460939144909      157        157
   76  0.894255347411334833      148        148
   77  0.891457888338239912      149        149
   78  0.888790703922463732      150        150
   79  0.886247635767563824      151        151
   80  0.883829386516513993      152        152
   81  0.881543492950594532      153        153
   82  0.879383521485586850      154        154
   83  0.877349996392218667      155        155
   84  0.875450380313204324      156        156
   85  0.873678024876325954      158        158
   86  0.872033311396686162      168        168
   87  0.870523637145378948      159        159
   88  0.869142187896182805      160        160
   89  0.867889230763696840      161        161
   90  0.866772104883155703      162        162
   91  0.865783868738753570      163        163
   92  0.864924697425848210      164        164
   93  0.864201876715486317      165        165
   94  0.863608367116204145      166        166
   95  0.863144267430939083      167        167
   96  0.862816811482485457        2          2
   97  0.862618882966687539       97         97
   98   0.00000000000000000       96         96
   99   0.00000000000000000       95         95
  100   0.00000000000000000       94         94
  101   0.00000000000000000       93         93
  102   0.00000000000000000       92         92
  103   0.00000000000000000       91         91
  104   0.00000000000000000       90         90
  105   0.00000000000000000       89         89
  106   0.00000000000000000       88         88
  107   0.00000000000000000       87         87
  108   0.00000000000000000       86         86
  109   0.00000000000000000       85         85
  110   0.00000000000000000       84         84
  111   0.00000000000000000       83         83
  112   0.00000000000000000       82         82
  113   0.00000000000000000       81         81
  114   0.00000000000000000       80         80
  115   0.00000000000000000       79         79
  116   0.00000000000000000       78         78
  117   0.00000000000000000       77         77
  118   0.00000000000000000       76         76
  119   0.00000000000000000       75         75
  120   0.00000000000000000       74         74
  121   0.00000000000000000       73         73
  122   0.00000000000000000       72         72
  123   0.00000000000000000       71         71
  124   0.00000000000000000       70         70
  125   0.00000000000000000       69         69
  126   0.00000000000000000       68         68
  127   0.00000000000000000       67         67
  128   0.00000000000000000       66         66
  129   0.00000000000000000       65         65
  130   0.00000000000000000       64         64
  131   0.00000000000000000       63         63
  132   0.00000000000000000       62         62
  133   0.00000000000000000       61         61
  134   0.00000000000000000       60         60
  135   0.00000000000000000       59         59
  136   0.00000000000000000       58         58
  137   0.00000000000000000       57         57
  138   0.00000000000000000       56         56
  139   0.00000000000000000       55         55
  140   0.00000000000000000       54         54
  141   0.00000000000000000       53         53
  142   0.00000000000000000       52         52
  143   0.00000000000000000       51         51
  144   0.00000000000000000       50         50
  145   0.00000000000000000       49         49
  146   0.00000000000000000       48         48
  147   0.00000000000000000       47         47
  148   0.00000000000000000       46         46
  149   0.00000000000000000       45         45
  150   0.00000000000000000       44         44
  151   0.00000000000000000       43         43
  152   0.00000000000000000       42         42
  153   0.00000000000000000       41         41
  154   0.00000000000000000       40         40
  155   0.00000000000000000       39         39
  156   0.00000000000000000       38         38
  157   0.00000000000000000       37         37
  158   0.00000000000000000       36         36
  159   0.00000000000000000       35         35
  160   0.00000000000000000       34         34
  161   0.00000000000000000       33         33
  162   0.00000000000000000       32         32
  163   0.00000000000000000       31         31
  164   0.00000000000000000       30         30
  165   0.00000000000000000       29         29
  166   0.00000000000000000       28         28
  167   0.00000000000000000       27         27
  168   0.00000000000000000       26         26
  169   0.00000000000000000       25         25
  170   0.00000000000000000       24         24
  171   0.00000000000000000       23         23
  172   0.00000000000000000       22         22
  173   0.00000000000000000       21         21
  174   0.00000000000000000       20         20
  175   0.00000000000000000       19         19
  176   0.00000000000000000       18         18
  177   0.00000000000000000       17         17
  178   0.00000000000000000       16         16
  179   0.00000000000000000       15         15
  180   0.00000000000000000       14         14
  181   0.00000000000000000       13         13
  182   0.00000000000000000       12         12
  183   0.00000000000000000       11         11
  184   0.00000000000000000       10         10
  185   0.00000000000000000        9          9
  186   0.00000000000000000        8          8
  187   0.00000000000000000        7          7
  188   0.00000000000000000        6          6
  189   0.00000000000000000        5          5
  190   0.00000000000000000        4          4
  191   0.00000000000000000        3          3
  192   0.00000000000000000        1          1
#gg4metrics - thetares alambdares
    1  0.200000000000000000E+21  0.228342148263840607E-03
    2  0.100000000000000000E+21  0.135755708309015163E-03
    3  0.163624617374459325E-01  0.176991585842484455E-03
    4  0.163624617373605008E-01  0.477890988010182423E-03
    5  0.163624617374029113E-01  0.515099507177709534E-03
    6  0.163624617374463210E-01  0.751436860413710298E-03
    7  0.163624617374455994E-01  0.105478867201847263E-02
    8  0.163624617374460435E-01  0.946327424367757360E-03
    9  0.163624617374460435E-01  0.115701213339087648E-02
   10  0.163624617374464876E-01  0.152861693268083274E-02
   11  0.163624617374480974E-01  0.132098098219991605E-02
   12  0.163624617374489856E-01  0.159000152157021926E-02
   13  0.163624617374490966E-01  0.195204365595811778E-02
   14  0.163624617374489301E-01  0.166067799068921312E-02
   15  0.163624617374488190E-01  0.195029612257150440E-02
   16  0.163624617374488190E-01  0.234138830029608598E-02
   17  0.163624617374484305E-01  0.197413793576858105E-02
   18  0.163624617374477643E-01  0.220191443169210450E-02
   19  0.163624617374477088E-01  0.270440278477910353E-02
   20  0.163624617374473202E-01  0.226591844959558300E-02
   21  0.163624617374469872E-01  0.250039035869611221E-02
   22  0.163624617374470982E-01  0.304543556235349665E-02
   23  0.163624617374462100E-01  0.253868495129532098E-02
   24  0.163624617374453774E-01  0.277976264421798394E-02
   25  0.163624617374454329E-01  0.336716602995419971E-02
   26  0.163624617374455439E-01  0.279409016797199997E-02
   27  0.163624617374458214E-01  0.304158494543502710E-02
   28  0.163624617374457104E-01  0.367135380475741352E-02
   29  0.163624617374465986E-01  0.303318659517042314E-02
   30  0.163624617374477088E-01  0.328685976970520587E-02
   31  0.163624617374476533E-01  0.395921261213381340E-02
   32  0.163624617374474868E-01  0.325664549025180385E-02
   33  0.163624617374476533E-01  0.351623403933670449E-02
   34  0.163624617374477643E-01  0.423161546430776952E-02
   35  0.163624617374470982E-01  0.346487611037889654E-02
   36  0.163624617374464043E-01  0.391206630732798561E-02
   37  0.163624617374464598E-01  0.448921410705759982E-02
   38  0.163624617374463488E-01  0.365809778238268329E-02
   39  0.163624617374459047E-01  0.413017992294135560E-02
   40  0.163624617374460712E-01  0.473251203338775645E-02
   41  0.163624617374464598E-01  0.383637738663427080E-02
   42  0.163624617374463766E-01  0.433437939391897835E-02
   43  0.163624617374464043E-01  0.496190995223765551E-02
   44  0.163624617374466264E-01  0.399965079581056458E-02
   45  0.163624617374465986E-01  0.428024448116221153E-02
   46  0.163624617374465986E-01  0.517773492968794796E-02
   47  0.163624617374465431E-01  0.414772657077098431E-02
   48  0.163624617374463488E-01  0.470161725535869247E-02
   49  0.163624617374462933E-01  0.538025847864216644E-02
   50  0.163624617374463488E-01  0.428028368656906133E-02
   51  0.163624617374461545E-01  0.486475413499702549E-02
   52  0.163624617374463210E-01  0.556970823446164501E-02
   53  0.163624617374465153E-01  0.439685102564598643E-02
   54  0.163624617374466264E-01  0.469068369976827996E-02
   55  0.163624617374465986E-01  0.574627459445600265E-02
   56  0.163624617374465153E-01  0.449677540540154713E-02
   57  0.163624617374465431E-01  0.479459443440015311E-02
   58  0.163624617374466264E-01  0.591011304120538875E-02
   59  0.163624617374462655E-01  0.457917863780849671E-02
   60  0.163624617374457104E-01  0.527122690643153612E-02
   61  0.163624617374458770E-01  0.606134392883021181E-02
   62  0.163624617374462378E-01  0.464287962455399699E-02
   63  0.163624617374464598E-01  0.537825220194616122E-02
   64  0.163624617374464321E-01  0.620004782406671090E-02
   65  0.163624617374470427E-01  0.468628575440069826E-02
   66  0.163624617374476811E-01  0.499462862985805209E-02
   67  0.163624617374476949E-01  0.632625608803796292E-02
   68  0.163624617374478198E-01  0.470721717136949637E-02
   69  0.163624617374477088E-01  0.501840195571746830E-02
   70  0.163624617374475284E-01  0.643993180974166638E-02
   71  0.163624617374467235E-01  0.470264045482360945E-02
   72  0.163624617374458076E-01  0.501610625490422988E-02
   73  0.163624617374456272E-01  0.654093665948793541E-02
   74  0.163624617374456133E-01  0.466820397922170730E-02
   75  0.163624617374452941E-01  0.564750856082552218E-02
   76  0.163624617374452802E-01  0.662896486342002839E-02
   77  0.163624617374460574E-01  0.459745898833160450E-02
   78  0.163624617374469039E-01  0.491239243291550880E-02
   79  0.163624617374472509E-01  0.670341288104444114E-02
   80  0.163624617374476811E-01  0.448038492536846720E-02
   81  0.163624617374477782E-01  0.479301707289579194E-02
   82  0.163624617374477574E-01  0.676309010935520396E-02
   83  0.163624617374486109E-01  0.430047535031933496E-02
   84  0.163624617374487427E-01  0.460661549903089180E-02
   85  0.163624617374487358E-01  0.680550880033119546E-02
   86  0.163624617374491174E-01  0.402827854304236080E-02
   87  0.163624617374491244E-01  0.431990294601561613E-02
   88  0.163624617374487843E-01  0.682482975136355051E-02
   89  0.163624617374476186E-01  0.360500904860778116E-02
   90  0.163624617374467755E-01  0.541132262388983008E-02
   91  0.163624617374457243E-01  0.680421989810664745E-02
   92  0.163624617374464945E-01  0.289176005981816751E-02
   93  0.163624617374469213E-01  0.307953371842209283E-02
   94  0.163624617374455231E-01  0.667051095659946820E-02
   95  0.163624617374447841E-01  0.145251286731353565E-02
   96  0.163624617374454398E-01  0.144375782597914028E-02
   97  0.163624617374468345E-01  0.439121997279253926E-02
   98   0.00000000000000000       0.00000000000000000    
   99   0.00000000000000000       0.00000000000000000    
  100   0.00000000000000000       0.00000000000000000    
  101   0.00000000000000000       0.00000000000000000    
  102   0.00000000000000000       0.00000000000000000    
  103   0.00000000000000000       0.00000000000000000    
  104   0.00000000000000000       0.00000000000000000    
  105   0.00000000000000000       0.00000000000000000    
  106   0.00000000000000000       0.00000000000000000    
  107   0.00000000000000000       0.00000000000000000    
  108   0.00000000000000000       0.00000000000000000    
  109   0.00000000000000000       0.00000000000000000    
  110   0.00000000000000000       0.00000000000000000    
  111   0.00000000000000000       0.00000000000000000    
  112   0.00000000000000000       0.00000000000000000    
  113   0.00000000000000000       0.00000000000000000    
  114   0.00000000000000000       0.00000000000000000    
  115   0.00000000000000000       0.00000000000000000    
  116   0.00000000000000000       0.00000000000000000    
  117   0.00000000000000000       0.00000000000000000    
  118   0.00000000000000000       0.00000000000000000    
  119   0.00000000000000000       0.00000000000000000    
  120   0.00000000000000000       0.00000000000000000    
  121   0.00000000000000000       0.00000000000000000    
  122   0.00000000000000000       0.00000000000000000    
  123   0.00000000000000000       0.00000000000000000    
  124   0.00000000000000000       0.00000000000000000    
  125   0.00000000000000000       0.00000000000000000    
  126   0.00000000000000000       0.00000000000000000    
  127   0.00000000000000000       0.00000000000000000    
  128   0.00000000000000000       0.00000000000000000    
  129   0.00000000000000000       0.00000000000000000    
  130   0.00000000000000000       0.00000000000000000    
  131   0.00000000000000000       0.00000000000000000    
  132   0.00000000000000000       0.00000000000000000    
  133   0.00000000000000000       0.00000000000000000    
  134   0.00000000000000000       0.00000000000000000    
  135   0.00000000000000000       0.00000000000000000    
  136   0.00000000000000000       0.00000000000000000    
  137   0.00000000000000000       0.00000000000000000    
  138   0.00000000000000000       0.00000000000000000    
  139   0.00000000000000000       0.00000000000000000    
  140   0.00000000000000000       0.00000000000000000    
  141   0.00000000000000000       0.00000000000000000    
  142   0.00000000000000000       0.00000000000000000    
  143   0.00000000000000000       0.00000000000000000    
  144   0.00000000000000000       0.00000000000000000    
  145   0.00000000000000000       0.00000000000000000    
  146   0.00000000000000000       0.00000000000000000    
  147   0.00000000000000000       0.00000000000000000    
  148   0.00000000000000000       0.00000000000000000    
  149   0.00000000000000000       0.00000000000000000    
  150   0.00000000000000000       0.00000000000000000    
  151   0.00000000000000000       0.00000000000000000    
  152   0.00000000000000000       0.00000000000000000    
  153   0.00000000000000000       0.00000000000000000    
  154   0.00000000000000000       0.00000000000000000    
  155   0.00000000000000000       0.00000000000000000    
  156   0.00000000000000000       0.00000000000000000    
  157   0.00000000000000000       0.00000000000000000    
  158   0.00000000000000000       0.00000000000000000    
  159   0.00000000000000000       0.00000000000000000    
  160   0.00000000000000000       0.00000000000000000    
  161   0.00000000000000000       0.00000000000000000    
  162   0.00000000000000000       0.00000000000000000    
  163   0.00000000000000000       0.00000000000000000    
  164   0.00000000000000000       0.00000000000000000    
  165   0.00000000000000000       0.00000000000000000    
  166   0.00000000000000000       0.00000000000000000    
  167   0.00000000000000000       0.00000000000000000    
  168   0.00000000000000000       0.00000000000000000    
  169   0.00000000000000000       0.00000000000000000    
  170   0.00000000000000000       0.00000000000000000    
  171   0.00000000000000000       0.00000000000000000    
  172   0.00000000000000000       0.00000000000000000    
  173   0.00000000000000000       0.00000000000000000    
  174   0.00000000000000000       0.00000000000000000    
  175   0.00000000000000000       0.00000000000000000    
  176   0.00000000000000000       0.00000000000000000    
  177   0.00000000000000000       0.00000000000000000    
  178   0.00000000000000000       0.00000000000000000    
  179   0.00000000000000000       0.00000000000000000    
  180   0.00000000000000000       0.00000000000000000    
  181   0.00000000000000000       0.00000000000000000    
  182   0.00000000000000000       0.00000000000000000    
  183   0.00000000000000000       0.00000000000000000    
  184   0.00000000000000000       0.00000000000000000    
  185   0.00000000000000000       0.00000000000000000    
  186   0.00000000000000000       0.00000000000000000    
  187   0.00000000000000000       0.00000000000000000    
  188   0.00000000000000000       0.00000000000000000    
  189   0.00000000000000000       0.00000000000000000    
  190   0.00000000000000000       0.00000000000000000    
  191   0.00000000000000000       0.00000000000000000    
  192   0.00000000000000000       0.00000000000000000    
#gg4results - output grid - thetagrid thetagrid
    1  -3.14159265358979312       1.20757071928951620    
    2  -3.01069295969022521       1.20550339867222256    
    3  -2.87979326579065509       1.19939250241114714    
    4  -2.74889357189106809       1.18946223501165993    
    5  -2.61799387799147931       1.17605501086187658    
    6  -2.48709418409189986       1.15964043238991721    
    7  -2.35619449019233329       1.14074729015620147    
    8  -2.22529479629276405       1.11993679120833112    
    9  -2.09439510239318238       1.09779056274456099    
   10  -1.96349540849360804       1.07486439899713959    
   11  -1.83259571459403925       1.05167490272585340    
   12  -1.70169602069446713       1.02868801237748042    
   13  -1.57079632679489545       1.00630893274126199    
   14  -1.43989663289532421      0.984884936416124956    
   15  -1.30899693899575209      0.964696990231049156    
   16  -1.17809724509618308      0.945974159681966298    
   17  -1.04719755119660873      0.928902634943545191    
   18 -0.981747704246818009      0.921026452593801115    
   19 -0.916297857297027174      0.913615628300199933    
   20 -0.850848010347240336      0.906675908400097041    
   21 -0.785398163397457605      0.900217305826079284    
   22 -0.719948316447676206      0.894255347411334833    
   23 -0.654498469497891366      0.888790703922463732    
   24 -0.589048622548103196      0.883829386516513993    
   25 -0.523598775598311583      0.879383521485586850    
   26 -0.458148928648518194      0.875450380313204324    
   27 -0.392699081698722918      0.872033311396686162    
   28 -0.327249234748927309      0.869142187896182805    
   29 -0.261799387799136418      0.866772104883155703    
   30 -0.196349540849350246      0.864924697425848210    
   31 -0.130899693899566461      0.863608367116204145    
   32 -0.654498469497826751E-01  0.862816811482485457    
   33  0.112619288255305222E-14  0.862550513778225558    
   34  0.654498469497920010E-01  0.862816811482485457    
   35  0.130899693899566488      0.863608367116204145    
   36  0.196349540849358073      0.864924697425848210    
   37  0.261799387799137695      0.866772104883155703    
   38  0.327249234748927753      0.869142187896182805    
   39  0.392699081698725139      0.872033311396686162    
   40  0.458148928648519749      0.875450380313204324    
   41  0.523598775598315247      0.879383521485586850    
   42  0.589048622548105860      0.883829386516513993    
   43  0.654498469497895696      0.888790703922463732    
   44  0.719948316447679315      0.894255347411334833    
   45  0.785398163397460269      0.900217305826079284    
   46  0.850848010347242556      0.906675908400097041    
   47  0.916297857297029505      0.913615628300199933    
   48  0.981747704246820341      0.921026452593801115    
   49   1.04719755119661118      0.928902634943545191    
   50   1.17809724509618485      0.945974159681966298    
   51   1.30899693899575298      0.964696990231049156    
   52   1.43989663289532599      0.984884936416124956    
   53   1.57079632679489611       1.00630893274126199    
   54   1.70169602069446713       1.02868801237748042    
   55   1.83259571459403903       1.05167490272585340    
   56   1.96349540849360915       1.07486439899713959    
   57   2.09439510239318327       1.09779056274456099    
   58   2.22529479629276405       1.11993679120833112    
   59   2.35619449019233418       1.14074729015620147    
   60   2.48709418409190075       1.15964043238991721    
   61   2.61799387799147887       1.17605501086187658    
   62   2.74889357189106809       1.18946223501165993    
   63   2.87979326579065864       1.19939250241114714    
   64   3.01069295969022166       1.20550339867222256    
   65   3.14159265358979312       1.20757071928951620    
#gg4results - output 1/lambda - bset bset
    1   1.20757071928951620       1.20757071928951620    
    2   1.20550339867222256       1.20550339867222256    
    3   1.19939250241114714       1.19939250241114714    
    4   1.18946223501165993       1.18946223501165993    
    5   1.17605501086187658       1.17605501086187658    
    6   1.15964043238991721       1.15964043238991721    
    7   1.14074729015620147       1.14074729015620147    
    8   1.11993679120833112       1.11993679120833112    
    9   1.09779056274456099       1.09779056274456099    
   10   1.07486439899713959       1.07486439899713959    
   11   1.05167490272585340       1.05167490272585340    
   12   1.02868801237748042       1.02868801237748042    
   13   1.00630893274126199       1.00630893274126199    
   14  0.984884936416124956      0.984884936416124956    
   15  0.964696990231049156      0.964696990231049156    
   16  0.945974159681966298      0.945974159681966298    
   17  0.928902634943545191      0.928902634943545191    
   18  0.921026452593801115      0.921026452593801115    
   19  0.913615628300199933      0.913615628300199933    
   20  0.906675908400097041      0.906675908400097041    
   21  0.900217305826079284      0.900217305826079284    
   22  0.894255347411334833      0.894255347411334833    
   23  0.888790703922463732      0.888790703922463732    
   24  0.883829386516513993      0.883829386516513993    
   25  0.879383521485586850      0.879383521485586850    
   26  0.875450380313204324      0.875450380313204324    
   27  0.872033311396686162      0.872033311396686162    
   28  0.869142187896182805      0.869142187896182805    
   29  0.866772104883155703      0.866772104883155703    
   30  0.864924697425848210      0.864924697425848210    
   31  0.863608367116204145      0.863608367116204145    
   32  0.862816811482485457      0.862816811482485457    
   33  0.862550513778225558      0.862550513778225558    
