 nbmag=          65
 thetain,bmagin=
  -3.1415926535897940        1.2136283708703872     
  -3.0391151495501489        1.2124033898752915     
  -2.9362332857803195        1.2087628533894106     
  -2.8325722204418899        1.2028062741079928     
  -2.7278142687448534        1.1946882417839515     
  -2.6217228810686670        1.1846048026572478     
  -2.5141613802952039        1.1727793655332823     
  -2.4051051959407679        1.1594504728776645     
  -2.2946467594471627        1.1448624873486222     
  -2.1829927354826868        1.1292591334159259     
  -2.0704538154493770        1.1128792373672458     
  -1.9574278406596415        1.0959538971653151     
  -1.8443775042838972        1.0787044773069780     
  -1.7318042615581324        1.0613410574897828     
  -1.6202203264498294        1.0440611473661157     
  -1.5101207318966172        1.0270485768846074     
  -1.4019573741492082        1.0104724972216321     
  -1.2961167560107318       0.99448641562531837     
  -1.1929028065032916       0.97922717596705133     
  -1.0925257133902808       0.96481381814855693     
 -0.99509719598930790       0.95134632654894979     
 -0.90063211081743266       0.93890441433469385     
 -0.80905576727548911       0.92754665923824364     
 -0.72021588074799503       0.91731044118888982     
 -0.63389774893269635       0.90821314143630993     
 -0.54984103880316282       0.90025487405361315     
 -0.46775653782555005       0.89342264237814895     
 -0.38734135688329246       0.88769536938423799     
 -0.30829135588261763       0.88304894316462590     
 -0.23030995950375976       0.87946041301950462     
 -0.15311299118902066       0.87691078907125497     
  -7.6429626047148605E-002  0.87538639222709436     
   6.4509817223435040E-016  0.87487914379742981     
   7.6429626047149382E-002  0.87538639222709436     
  0.15311299118902144       0.87691078907125497     
  0.23030995950376054       0.87946041301950462     
  0.30829135588261891       0.88304894316462590     
  0.38734135688329324       0.88769536938423799     
  0.46775653782555132       0.89342264237814895     
  0.54984103880316360       0.90025487405361315     
  0.63389774893269712       0.90821314143631005     
  0.72021588074799536       0.91731044118888982     
  0.80905576727548933       0.92754665923824364     
  0.90063211081743266       0.93890441433469385     
  0.99509719598930801       0.95134632654894979     
   1.0925257133902806       0.96481381814855693     
   1.1929028065032916       0.97922717596705133     
   1.2961167560107316       0.99448641562531837     
   1.4019573741492080        1.0104724972216321     
   1.5101207318966168        1.0270485768846074     
   1.6202203264498287        1.0440611473661157     
   1.7318042615581326        1.0613410574897828     
   1.8443775042838968        1.0787044773069780     
   1.9574278406596419        1.0959538971653151     
   2.0704538154493766        1.1128792373672458     
   2.1829927354826855        1.1292591334159259     
   2.2946467594471622        1.1448624873486222     
   2.4051051959407670        1.1594504728776645     
   2.5141613802952039        1.1727793655332823     
   2.6217228810686661        1.1846048026572478     
   2.7278142687448526        1.1946882417839515     
   2.8325722204418891        1.2028062741079928     
   2.9362332857803182        1.2087628533894106     
   3.0391151495501485        1.2124033898752915     
   3.1415926535897922        1.2136283708703872     
 alknob=   0.0000000000000000     
 epsknob=   1.0000000000000001E-005
 bpknob=   1.0000000000000000E-008
 extrknob=   0.0000000000000000     
 thetamax=   0.0000000000000000     
 deltaw,widthw=   0.0000000000000000        1.0000000000000000     
 tension=   1.0000000000000000     
 ntheta,nlambda=          64          33
#gg4init - input grid - thetain bmagin 
    1  -3.14159265358979400       1.21362837087038722    
    2  -3.03911514955014894       1.21240338987529150    
    3  -2.93623328578031950       1.20876285338941059    
    4  -2.83257222044188994       1.20280627410799279    
    5  -2.72781426874485344       1.19468824178395150    
    6  -2.62172288106866702       1.18460480265724777    
    7  -2.51416138029520386       1.17277936553328233    
    8  -2.40510519594076788       1.15945047287766445    
    9  -2.29464675944716268       1.14486248734862217    
   10  -2.18299273548268680       1.12925913341592588    
   11  -2.07045381544937701       1.11287923736724581    
   12  -1.95742784065964148       1.09595389716531511    
   13  -1.84437750428389724       1.07870447730697805    
   14  -1.73180426155813239       1.06134105748978280    
   15  -1.62022032644982938       1.04406114736611566    
   16  -1.51012073189661722       1.02704857688460738    
   17  -1.40195737414920818       1.01047249722163213    
   18  -1.29611675601073184      0.994486415625318365    
   19  -1.19290280650329161      0.979227175967051333    
   20  -1.09252571339028082      0.964813818148556934    
   21 -0.995097195989307903      0.951346326548949794    
   22 -0.900632110817432663      0.938904414334693849    
   23 -0.809055767275489113      0.927546659238243643    
   24 -0.720215880747995030      0.917310441188889825    
   25 -0.633897748932696348      0.908213141436309934    
   26 -0.549841038803162818      0.900254874053613152    
   27 -0.467756537825550045      0.893422642378148946    
   28 -0.387341356883292465      0.887695369384237987    
   29 -0.308291355882617635      0.883048943164625899    
   30 -0.230309959503759765      0.879460413019504617    
   31 -0.153112991189020664      0.876910789071254970    
   32 -0.764296260471486050E-01  0.875386392227094356    
   33  0.645098172234350404E-15  0.874879143797429815    
   34  0.764296260471493821E-01  0.875386392227094356    
   35  0.153112991189021441      0.876910789071254970    
   36  0.230309959503760542      0.879460413019504617    
   37  0.308291355882618912      0.883048943164625899    
   38  0.387341356883293242      0.887695369384237987    
   39  0.467756537825551322      0.893422642378148946    
   40  0.549841038803163595      0.900254874053613152    
   41  0.633897748932697125      0.908213141436310045    
   42  0.720215880747995363      0.917310441188889825    
   43  0.809055767275489335      0.927546659238243643    
   44  0.900632110817432663      0.938904414334693849    
   45  0.995097195989308014      0.951346326548949794    
   46   1.09252571339028060      0.964813818148556934    
   47   1.19290280650329161      0.979227175967051333    
   48   1.29611675601073162      0.994486415625318365    
   49   1.40195737414920796       1.01047249722163213    
   50   1.51012073189661677       1.02704857688460738    
   51   1.62022032644982872       1.04406114736611566    
   52   1.73180426155813261       1.06134105748978280    
   53   1.84437750428389680       1.07870447730697805    
   54   1.95742784065964193       1.09595389716531511    
   55   2.07045381544937657       1.11287923736724581    
   56   2.18299273548268546       1.12925913341592588    
   57   2.29464675944716223       1.14486248734862217    
   58   2.40510519594076699       1.15945047287766445    
   59   2.51416138029520386       1.17277936553328233    
   60   2.62172288106866613       1.18460480265724777    
   61   2.72781426874485255       1.19468824178395150    
   62   2.83257222044188905       1.20280627410799279    
   63   2.93623328578031817       1.20876285338941059    
   64   3.03911514955014850       1.21240338987529150    
   65   3.14159265358979223       1.21362837087038722    
#gg4start - starting grid - thetastart thetastart
    1  -3.14159265358979400      -3.14159265358979400    
    2  0.645098172234350404E-15  0.645098172234350404E-15
    3  -3.10743348557657884      -3.10743348557657884    
    4  -3.07327431756336411      -3.07327431756336411    
    5  -3.03911514955014894      -3.03911514955014894    
    6  -3.00482119496020594      -3.00482119496020594    
    7  -2.97052724037026250      -2.97052724037026250    
    8  -2.93623328578031950      -2.93623328578031950    
    9  -2.90167959733417646      -2.90167959733417646    
   10  -2.86712590888803298      -2.86712590888803298    
   11  -2.83257222044188994      -2.83257222044188994    
   12  -2.79765290320954430      -2.79765290320954430    
   13  -2.76273358597719909      -2.76273358597719909    
   14  -2.72781426874485344      -2.72781426874485344    
   15  -2.69245047285279115      -2.69245047285279115    
   16  -2.65708667696072931      -2.65708667696072931    
   17  -2.62172288106866702      -2.62172288106866702    
   18  -2.58586904747751278      -2.58586904747751278    
   19  -2.55001521388635810      -2.55001521388635810    
   20  -2.51416138029520386      -2.51416138029520386    
   21  -2.47780931884372535      -2.47780931884372535    
   22  -2.44145725739224639      -2.44145725739224639    
   23  -2.40510519594076788      -2.40510519594076788    
   24  -2.36828571710956615      -2.36828571710956615    
   25  -2.33146623827836441      -2.33146623827836441    
   26  -2.29464675944716268      -2.29464675944716268    
   27  -2.25742875145900390      -2.25742875145900390    
   28  -2.22021074347084557      -2.22021074347084557    
   29  -2.18299273548268680      -2.18299273548268680    
   30  -2.14547976213825020      -2.14547976213825020    
   31  -2.10796678879381361      -2.10796678879381361    
   32  -2.07045381544937701      -2.07045381544937701    
   33  -2.03277849051946502      -2.03277849051946502    
   34  -1.99510316558955325      -1.99510316558955325    
   35  -1.95742784065964148      -1.95742784065964148    
   36  -1.91974439520105999      -1.91974439520105999    
   37  -1.88206094974247873      -1.88206094974247873    
   38  -1.84437750428389724      -1.84437750428389724    
   39  -1.80685309004197570      -1.80685309004197570    
   40  -1.76932867580005393      -1.76932867580005393    
   41  -1.73180426155813239      -1.73180426155813239    
   42  -1.69460961652203146      -1.69460961652203146    
   43  -1.65741497148593031      -1.65741497148593031    
   44  -1.62022032644982938      -1.62022032644982938    
   45  -1.58352046159875859      -1.58352046159875859    
   46  -1.54682059674768801      -1.54682059674768801    
   47  -1.51012073189661722      -1.51012073189661722    
   48  -1.47406627931414747      -1.47406627931414747    
   49  -1.43801182673167793      -1.43801182673167793    
   50  -1.40195737414920818      -1.40195737414920818    
   51  -1.36667716810304940      -1.36667716810304940    
   52  -1.33139696205689062      -1.33139696205689062    
   53  -1.29611675601073184      -1.29611675601073184    
   54  -1.26171210617491836      -1.26171210617491836    
   55  -1.22730745633910510      -1.22730745633910510    
   56  -1.19290280650329161      -1.19290280650329161    
   57  -1.15944377546562127      -1.15944377546562127    
   58  -1.12598474442795116      -1.12598474442795116    
   59  -1.09252571339028082      -1.09252571339028082    
   60  -1.06004954092328996      -1.06004954092328996    
   61  -1.02757336845629887      -1.02757336845629887    
   62 -0.995097195989307903     -0.995097195989307903    
   63 -0.963608834265349490     -0.963608834265349490    
   64 -0.932120472541391076     -0.932120472541391076    
   65 -0.900632110817432663     -0.900632110817432663    
   66 -0.870106662970118183     -0.870106662970118183    
   67 -0.839581215122803592     -0.839581215122803592    
   68 -0.809055767275489113     -0.809055767275489113    
   69 -0.779442471766324418     -0.779442471766324418    
   70 -0.749829176257159724     -0.749829176257159724    
   71 -0.720215880747995030     -0.720215880747995030    
   72 -0.691443170142895469     -0.691443170142895469    
   73 -0.662670459537795908     -0.662670459537795908    
   74 -0.633897748932696348     -0.633897748932696348    
   75 -0.605878845556185208     -0.605878845556185208    
   76 -0.577859942179673958     -0.577859942179673958    
   77 -0.549841038803162818     -0.549841038803162818    
   78 -0.522479538477291894     -0.522479538477291894    
   79 -0.495118038151420969     -0.495118038151420969    
   80 -0.467756537825550045     -0.467756537825550045    
   81 -0.440951477511464185     -0.440951477511464185    
   82 -0.414146417197378325     -0.414146417197378325    
   83 -0.387341356883292465     -0.387341356883292465    
   84 -0.360991356549734188     -0.360991356549734188    
   85 -0.334641356216175911     -0.334641356216175911    
   86 -0.308291355882617635     -0.308291355882617635    
   87 -0.282297557089665030     -0.282297557089665030    
   88 -0.256303758296712370     -0.256303758296712370    
   89 -0.230309959503759765     -0.230309959503759765    
   90 -0.204577636732180074     -0.204577636732180074    
   91 -0.178845313960600355     -0.178845313960600355    
   92 -0.153112991189020664     -0.153112991189020664    
   93 -0.127551869475063306     -0.127551869475063306    
   94 -0.101990747761105949     -0.101990747761105949    
   95 -0.764296260471486050E-01 -0.764296260471486050E-01
   96 -0.509530840314321859E-01 -0.509530840314321859E-01
   97 -0.254765420157157738E-01 -0.254765420157157738E-01
   98  0.254765420157168944E-01  0.254765420157168944E-01
   99  0.509530840314331435E-01  0.509530840314331435E-01
  100  0.764296260471493821E-01  0.764296260471493821E-01
  101  0.101990747761106740      0.101990747761106740    
  102  0.127551869475064084      0.127551869475064084    
  103  0.153112991189021441      0.153112991189021441    
  104  0.178845313960601132      0.178845313960601132    
  105  0.204577636732180851      0.204577636732180851    
  106  0.230309959503760542      0.230309959503760542    
  107  0.256303758296713313      0.256303758296713313    
  108  0.282297557089666140      0.282297557089666140    
  109  0.308291355882618912      0.308291355882618912    
  110  0.334641356216177022      0.334641356216177022    
  111  0.360991356549735132      0.360991356549735132    
  112  0.387341356883293242      0.387341356883293242    
  113  0.414146417197379269      0.414146417197379269    
  114  0.440951477511465295      0.440951477511465295    
  115  0.467756537825551322      0.467756537825551322    
  116  0.495118038151422080      0.495118038151422080    
  117  0.522479538477292893      0.522479538477292893    
  118  0.549841038803163595      0.549841038803163595    
  119  0.577859942179674735      0.577859942179674735    
  120  0.605878845556185985      0.605878845556185985    
  121  0.633897748932697125      0.633897748932697125    
  122  0.662670459537796575      0.662670459537796575    
  123  0.691443170142895913      0.691443170142895913    
  124  0.720215880747995363      0.720215880747995363    
  125  0.749829176257160057      0.749829176257160057    
  126  0.779442471766324640      0.779442471766324640    
  127  0.809055767275489335      0.809055767275489335    
  128  0.839581215122803814      0.839581215122803814    
  129  0.870106662970118183      0.870106662970118183    
  130  0.900632110817432663      0.900632110817432663    
  131  0.932120472541391076      0.932120472541391076    
  132  0.963608834265349601      0.963608834265349601    
  133  0.995097195989308014      0.995097195989308014    
  134   1.02757336845629887       1.02757336845629887    
  135   1.06004954092328973       1.06004954092328973    
  136   1.09252571339028060       1.09252571339028060    
  137   1.12598474442795093       1.12598474442795093    
  138   1.15944377546562127       1.15944377546562127    
  139   1.19290280650329161       1.19290280650329161    
  140   1.22730745633910487       1.22730745633910487    
  141   1.26171210617491836       1.26171210617491836    
  142   1.29611675601073162       1.29611675601073162    
  143   1.33139696205689040       1.33139696205689040    
  144   1.36667716810304918       1.36667716810304918    
  145   1.40195737414920796       1.40195737414920796    
  146   1.43801182673167749       1.43801182673167749    
  147   1.47406627931414724       1.47406627931414724    
  148   1.51012073189661677       1.51012073189661677    
  149   1.54682059674768735       1.54682059674768735    
  150   1.58352046159875814       1.58352046159875814    
  151   1.62022032644982872       1.62022032644982872    
  152   1.65741497148593009       1.65741497148593009    
  153   1.69460961652203124       1.69460961652203124    
  154   1.73180426155813261       1.73180426155813261    
  155   1.76932867580005393       1.76932867580005393    
  156   1.80685309004197547       1.80685309004197547    
  157   1.84437750428389680       1.84437750428389680    
  158   1.88206094974247851       1.88206094974247851    
  159   1.91974439520106022       1.91974439520106022    
  160   1.95742784065964193       1.95742784065964193    
  161   1.99510316558955347       1.99510316558955347    
  162   2.03277849051946502       2.03277849051946502    
  163   2.07045381544937657       2.07045381544937657    
  164   2.10796678879381272       2.10796678879381272    
  165   2.14547976213824931       2.14547976213824931    
  166   2.18299273548268546       2.18299273548268546    
  167   2.22021074347084424       2.22021074347084424    
  168   2.25742875145900346       2.25742875145900346    
  169   2.29464675944716223       2.29464675944716223    
  170   2.33146623827836397       2.33146623827836397    
  171   2.36828571710956526       2.36828571710956526    
  172   2.40510519594076699       2.40510519594076699    
  173   2.44145725739224595       2.44145725739224595    
  174   2.47780931884372491       2.47780931884372491    
  175   2.51416138029520386       2.51416138029520386    
  176   2.55001521388635810       2.55001521388635810    
  177   2.58586904747751190       2.58586904747751190    
  178   2.62172288106866613       2.62172288106866613    
  179   2.65708667696072842       2.65708667696072842    
  180   2.69245047285279027       2.69245047285279027    
  181   2.72781426874485255       2.72781426874485255    
  182   2.76273358597719820       2.76273358597719820    
  183   2.79765290320954341       2.79765290320954341    
  184   2.83257222044188905       2.83257222044188905    
  185   2.86712590888803209       2.86712590888803209    
  186   2.90167959733417513       2.90167959733417513    
  187   2.93623328578031817       2.93623328578031817    
  188   2.97052724037026161       2.97052724037026161    
  189   3.00482119496020506       3.00482119496020506    
  190   3.03911514955014850       3.03911514955014850    
  191   3.07327431756336322       3.07327431756336322    
  192   3.10743348557657750       3.10743348557657750    
#gg4start - starting field - bmagstart bmagstart
    1   1.21362837087038722       1.21362837087038722    
    2  0.874879143797429815      0.874879143797429815    
    3   1.21348621199701956       1.21348621199701956    
    4   1.21307717923565139       1.21307717923565139    
    5   1.21240338987529150       1.21240338987529150    
    6   1.21144721919870646       1.21144721919870646    
    7   1.21023169171898903       1.21023169171898903    
    8   1.20876285338941059       1.20876285338941059    
    9   1.20701746089472572       1.20701746089472572    
   10   1.20502888523881069       1.20502888523881069    
   11   1.20280627410799279       1.20280627410799279    
   12   1.20031689631381799       1.20031689631381799    
   13   1.19760717548564588       1.19760717548564588    
   14   1.19468824178395150       1.19468824178395150    
   15   1.19151643561466281       1.19151643561466281    
   16   1.18815130038811145       1.18815130038811145    
   17   1.18460480265724777       1.18460480265724777    
   18   1.18082364366398473       1.18082364366398473    
   19   1.17687788555270600       1.17687788555270600    
   20   1.17277936553328233       1.17277936553328233    
   21   1.16846891091352889       1.16846891091352889    
   22   1.16402227101198674       1.16402227101198674    
   23   1.15945047287766445       1.15945047287766445    
   24   1.15469404784353946       1.15469404784353946    
   25   1.14982810871377383       1.14982810871377383    
   26   1.14486248734862217       1.14486248734862217    
   27   1.13974394081294284       1.13974394081294284    
   28   1.13453998922458665       1.13453998922458665    
   29   1.12925913341592588       1.12925913341592588    
   30   1.12386093397870401       1.12386093397870401    
   31   1.11839856337284838       1.11839856337284838    
   32   1.11287923736724559       1.11287923736724559    
   33   1.10728117846885743       1.10728117846885743    
   34   1.10163736705017046       1.10163736705017046    
   35   1.09595389716531511       1.09595389716531511    
   36   1.09023219839073637       1.09023219839073637    
   37   1.08448065792149273       1.08448065792149273    
   38   1.07870447730697805       1.07870447730697805    
   39   1.07293113490051528       1.07293113490051528    
   40   1.06714180619125454       1.06714180619125454    
   41   1.06134105748978280       1.06134105748978280    
   42   1.05558336033683675       1.05558336033683675    
   43   1.04982199396649856       1.04982199396649856    
   44   1.04406114736611566       1.04406114736611566    
   45   1.03838131378049003       1.03838131378049003    
   46   1.03270910727717991       1.03270910727717991    
   47   1.02704857688460738       1.02704857688460738    
   48   1.02150348197942931       1.02150348197942931    
   49   1.01597675291940170       1.01597675291940170    
   50   1.01047249722163213       1.01047249722163213    
   51   1.00511345945833175       1.00511345945833175    
   52  0.999783329486284456      0.999783329486284456    
   53  0.994486415625318365      0.994486415625318365    
   54  0.989359005747548426      0.989359005747548426    
   55  0.984271065942401324      0.984271065942401324    
   56  0.979227175967051444      0.979227175967051444    
   57  0.974371012663791336      0.974371012663791336    
   58  0.969564946979604159      0.969564946979604159    
   59  0.964813818148556823      0.964813818148556823    
   60  0.960262331076896958      0.960262331076896958    
   61  0.955771499613130793      0.955771499613130793    
   62  0.951346326548949794      0.951346326548949794    
   63  0.947126503189347990      0.947126503189347990    
   64  0.942977532514051142      0.942977532514051142    
   65  0.938904414334693849      0.938904414334693849    
   66  0.935036598945191200      0.935036598945191200    
   67  0.931249083911926179      0.931249083911926179    
   68  0.927546659238243643      0.927546659238243643    
   69  0.924044524368473064      0.924044524368473064    
   70  0.920630992875961729      0.920630992875961729    
   71  0.917310441188889825      0.917310441188889825    
   72  0.914181277719949503      0.914181277719949503    
   73  0.911147575436627943      0.911147575436627943    
   74  0.908213141436310045      0.908213141436310045    
   75  0.905458583206760426      0.905458583206760426    
   76  0.902804773733338783      0.902804773733338783    
   77  0.900254874053613152      0.900254874053613152    
   78  0.897872076772395555      0.897872076772395555    
   79  0.895593825427388968      0.895593825427388968    
   80  0.893422642378148946      0.893422642378148946    
   81  0.891405798203483535      0.891405798203483535    
   82  0.889496056079585706      0.889496056079585706    
   83  0.887695369384237987      0.887695369384237987    
   84  0.886037316899529470      0.886037316899529470    
   85  0.884488015065584388      0.884488015065584388    
   86  0.883048943164625899      0.883048943164625899    
   87  0.881742591293816713      0.881742591293816713    
   88  0.880546051146506192      0.880546051146506192    
   89  0.879460413019504506      0.879460413019504506    
   90  0.878499764685693463      0.878499764685693463    
   91  0.877649637624893231      0.877649637624893231    
   92  0.876910789071254970      0.876910789071254970    
   93  0.876291496873760622      0.876291496873760622    
   94  0.875783214575089675      0.875783214575089675    
   95  0.875386392227094356      0.875386392227094356    
   96  0.875105934054636658      0.875105934054636658    
   97  0.874936801301948397      0.874936801301948397    
   98   0.00000000000000000       0.00000000000000000    
   99   0.00000000000000000       0.00000000000000000    
  100   0.00000000000000000       0.00000000000000000    
  101   0.00000000000000000       0.00000000000000000    
  102   0.00000000000000000       0.00000000000000000    
  103   0.00000000000000000       0.00000000000000000    
  104   0.00000000000000000       0.00000000000000000    
  105   0.00000000000000000       0.00000000000000000    
  106   0.00000000000000000       0.00000000000000000    
  107   0.00000000000000000       0.00000000000000000    
  108   0.00000000000000000       0.00000000000000000    
  109   0.00000000000000000       0.00000000000000000    
  110   0.00000000000000000       0.00000000000000000    
  111   0.00000000000000000       0.00000000000000000    
  112   0.00000000000000000       0.00000000000000000    
  113   0.00000000000000000       0.00000000000000000    
  114   0.00000000000000000       0.00000000000000000    
  115   0.00000000000000000       0.00000000000000000    
  116   0.00000000000000000       0.00000000000000000    
  117   0.00000000000000000       0.00000000000000000    
  118   0.00000000000000000       0.00000000000000000    
  119   0.00000000000000000       0.00000000000000000    
  120   0.00000000000000000       0.00000000000000000    
  121   0.00000000000000000       0.00000000000000000    
  122   0.00000000000000000       0.00000000000000000    
  123   0.00000000000000000       0.00000000000000000    
  124   0.00000000000000000       0.00000000000000000    
  125   0.00000000000000000       0.00000000000000000    
  126   0.00000000000000000       0.00000000000000000    
  127   0.00000000000000000       0.00000000000000000    
  128   0.00000000000000000       0.00000000000000000    
  129   0.00000000000000000       0.00000000000000000    
  130   0.00000000000000000       0.00000000000000000    
  131   0.00000000000000000       0.00000000000000000    
  132   0.00000000000000000       0.00000000000000000    
  133   0.00000000000000000       0.00000000000000000    
  134   0.00000000000000000       0.00000000000000000    
  135   0.00000000000000000       0.00000000000000000    
  136   0.00000000000000000       0.00000000000000000    
  137   0.00000000000000000       0.00000000000000000    
  138   0.00000000000000000       0.00000000000000000    
  139   0.00000000000000000       0.00000000000000000    
  140   0.00000000000000000       0.00000000000000000    
  141   0.00000000000000000       0.00000000000000000    
  142   0.00000000000000000       0.00000000000000000    
  143   0.00000000000000000       0.00000000000000000    
  144   0.00000000000000000       0.00000000000000000    
  145   0.00000000000000000       0.00000000000000000    
  146   0.00000000000000000       0.00000000000000000    
  147   0.00000000000000000       0.00000000000000000    
  148   0.00000000000000000       0.00000000000000000    
  149   0.00000000000000000       0.00000000000000000    
  150   0.00000000000000000       0.00000000000000000    
  151   0.00000000000000000       0.00000000000000000    
  152   0.00000000000000000       0.00000000000000000    
  153   0.00000000000000000       0.00000000000000000    
  154   0.00000000000000000       0.00000000000000000    
  155   0.00000000000000000       0.00000000000000000    
  156   0.00000000000000000       0.00000000000000000    
  157   0.00000000000000000       0.00000000000000000    
  158   0.00000000000000000       0.00000000000000000    
  159   0.00000000000000000       0.00000000000000000    
  160   0.00000000000000000       0.00000000000000000    
  161   0.00000000000000000       0.00000000000000000    
  162   0.00000000000000000       0.00000000000000000    
  163   0.00000000000000000       0.00000000000000000    
  164   0.00000000000000000       0.00000000000000000    
  165   0.00000000000000000       0.00000000000000000    
  166   0.00000000000000000       0.00000000000000000    
  167   0.00000000000000000       0.00000000000000000    
  168   0.00000000000000000       0.00000000000000000    
  169   0.00000000000000000       0.00000000000000000    
  170   0.00000000000000000       0.00000000000000000    
  171   0.00000000000000000       0.00000000000000000    
  172   0.00000000000000000       0.00000000000000000    
  173   0.00000000000000000       0.00000000000000000    
  174   0.00000000000000000       0.00000000000000000    
  175   0.00000000000000000       0.00000000000000000    
  176   0.00000000000000000       0.00000000000000000    
  177   0.00000000000000000       0.00000000000000000    
  178   0.00000000000000000       0.00000000000000000    
  179   0.00000000000000000       0.00000000000000000    
  180   0.00000000000000000       0.00000000000000000    
  181   0.00000000000000000       0.00000000000000000    
  182   0.00000000000000000       0.00000000000000000    
  183   0.00000000000000000       0.00000000000000000    
  184   0.00000000000000000       0.00000000000000000    
  185   0.00000000000000000       0.00000000000000000    
  186   0.00000000000000000       0.00000000000000000    
  187   0.00000000000000000       0.00000000000000000    
  188   0.00000000000000000       0.00000000000000000    
  189   0.00000000000000000       0.00000000000000000    
  190   0.00000000000000000       0.00000000000000000    
  191   0.00000000000000000       0.00000000000000000    
  192   0.00000000000000000       0.00000000000000000    
#gg4start - essentialstart
           1 T
           2 T
           3 F
           4 F
           5 F
           6 F
           7 F
           8 F
           9 F
          10 F
          11 F
          12 F
          13 F
          14 F
          15 F
          16 F
          17 F
          18 F
          19 F
          20 F
          21 F
          22 F
          23 F
          24 F
          25 F
          26 F
          27 F
          28 F
          29 F
          30 F
          31 F
          32 F
          33 F
          34 F
          35 F
          36 F
          37 F
          38 F
          39 F
          40 F
          41 F
          42 F
          43 F
          44 F
          45 F
          46 F
          47 F
          48 F
          49 F
          50 F
          51 F
          52 F
          53 F
          54 F
          55 F
          56 F
          57 F
          58 F
          59 F
          60 F
          61 F
          62 F
          63 F
          64 F
          65 F
          66 F
          67 F
          68 F
          69 F
          70 F
          71 F
          72 F
          73 F
          74 F
          75 F
          76 F
          77 F
          78 F
          79 F
          80 F
          81 F
          82 F
          83 F
          84 F
          85 F
          86 F
          87 F
          88 F
          89 F
          90 F
          91 F
          92 F
          93 F
          94 F
          95 F
          96 F
          97 F
          98 F
          99 F
         100 F
         101 F
         102 F
         103 F
         104 F
         105 F
         106 F
         107 F
         108 F
         109 F
         110 F
         111 F
         112 F
         113 F
         114 F
         115 F
         116 F
         117 F
         118 F
         119 F
         120 F
         121 F
         122 F
         123 F
         124 F
         125 F
         126 F
         127 F
         128 F
         129 F
         130 F
         131 F
         132 F
         133 F
         134 F
         135 F
         136 F
         137 F
         138 F
         139 F
         140 F
         141 F
         142 F
         143 F
         144 F
         145 F
         146 F
         147 F
         148 F
         149 F
         150 F
         151 F
         152 F
         153 F
         154 F
         155 F
         156 F
         157 F
         158 F
         159 F
         160 F
         161 F
         162 F
         163 F
         164 F
         165 F
         166 F
         167 F
         168 F
         169 F
         170 F
         171 F
         172 F
         173 F
         174 F
         175 F
         176 F
         177 F
         178 F
         179 F
         180 F
         181 F
         182 F
         183 F
         184 F
         185 F
         186 F
         187 F
         188 F
         189 F
         190 F
         191 F
         192 F
# gg4collect - bmagset bmagset
    1   1.21362837087038722       1.21362837087038722    
    2  0.874879143797429815      0.874879143797429815    
    3   1.21348621199701956       1.21348621199701956    
    4   1.21307717923565139       1.21307717923565139    
    5   1.21240338987529150       1.21240338987529150    
    6   1.21144721919870646       1.21144721919870646    
    7   1.21023169171898903       1.21023169171898903    
    8   1.20876285338941059       1.20876285338941059    
    9   1.20701746089472572       1.20701746089472572    
   10   1.20502888523881069       1.20502888523881069    
   11   1.20280627410799279       1.20280627410799279    
   12   1.20031689631381799       1.20031689631381799    
   13   1.19760717548564588       1.19760717548564588    
   14   1.19468824178395150       1.19468824178395150    
   15   1.19151643561466281       1.19151643561466281    
   16   1.18815130038811145       1.18815130038811145    
   17   1.18460480265724777       1.18460480265724777    
   18   1.18082364366398473       1.18082364366398473    
   19   1.17687788555270600       1.17687788555270600    
   20   1.17277936553328233       1.17277936553328233    
   21   1.16846891091352889       1.16846891091352889    
   22   1.16402227101198674       1.16402227101198674    
   23   1.15945047287766445       1.15945047287766445    
   24   1.15469404784353946       1.15469404784353946    
   25   1.14982810871377383       1.14982810871377383    
   26   1.14486248734862217       1.14486248734862217    
   27   1.13974394081294284       1.13974394081294284    
   28   1.13453998922458665       1.13453998922458665    
   29   1.12925913341592588       1.12925913341592588    
   30   1.12386093397870401       1.12386093397870401    
   31   1.11839856337284838       1.11839856337284838    
   32   1.11287923736724559       1.11287923736724559    
   33   1.10728117846885743       1.10728117846885743    
   34   1.10163736705017046       1.10163736705017046    
   35   1.09595389716531511       1.09595389716531511    
   36   1.09023219839073637       1.09023219839073637    
   37   1.08448065792149273       1.08448065792149273    
   38   1.07870447730697805       1.07870447730697805    
   39   1.07293113490051528       1.07293113490051528    
   40   1.06714180619125454       1.06714180619125454    
   41   1.06134105748978280       1.06134105748978280    
   42   1.05558336033683675       1.05558336033683675    
   43   1.04982199396649856       1.04982199396649856    
   44   1.04406114736611566       1.04406114736611566    
   45   1.03838131378049003       1.03838131378049003    
   46   1.03270910727717991       1.03270910727717991    
   47   1.02704857688460738       1.02704857688460738    
   48   1.02150348197942931       1.02150348197942931    
   49   1.01597675291940170       1.01597675291940170    
   50   1.01047249722163213       1.01047249722163213    
   51   1.00511345945833175       1.00511345945833175    
   52  0.999783329486284456      0.999783329486284456    
   53  0.994486415625318365      0.994486415625318365    
   54  0.989359005747548426      0.989359005747548426    
   55  0.984271065942401324      0.984271065942401324    
   56  0.979227175967051444      0.979227175967051444    
   57  0.974371012663791336      0.974371012663791336    
   58  0.969564946979604159      0.969564946979604159    
   59  0.964813818148556823      0.964813818148556823    
   60  0.960262331076896958      0.960262331076896958    
   61  0.955771499613130793      0.955771499613130793    
   62  0.951346326548949794      0.951346326548949794    
   63  0.947126503189347990      0.947126503189347990    
   64  0.942977532514051142      0.942977532514051142    
   65  0.938904414334693849      0.938904414334693849    
   66  0.935036598945191200      0.935036598945191200    
   67  0.931249083911926179      0.931249083911926179    
   68  0.927546659238243643      0.927546659238243643    
   69  0.924044524368473064      0.924044524368473064    
   70  0.920630992875961729      0.920630992875961729    
   71  0.917310441188889825      0.917310441188889825    
   72  0.914181277719949503      0.914181277719949503    
   73  0.911147575436627943      0.911147575436627943    
   74  0.908213141436310045      0.908213141436310045    
   75  0.905458583206760426      0.905458583206760426    
   76  0.902804773733338783      0.902804773733338783    
   77  0.900254874053613152      0.900254874053613152    
   78  0.897872076772395555      0.897872076772395555    
   79  0.895593825427388968      0.895593825427388968    
   80  0.893422642378148946      0.893422642378148946    
   81  0.891405798203483535      0.891405798203483535    
   82  0.889496056079585706      0.889496056079585706    
   83  0.887695369384237987      0.887695369384237987    
   84  0.886037316899529470      0.886037316899529470    
   85  0.884488015065584388      0.884488015065584388    
   86  0.883048943164625899      0.883048943164625899    
   87  0.881742591293816713      0.881742591293816713    
   88  0.880546051146506192      0.880546051146506192    
   89  0.879460413019504506      0.879460413019504506    
   90  0.878499764685693463      0.878499764685693463    
   91  0.877649637624893231      0.877649637624893231    
   92  0.876910789071254970      0.876910789071254970    
   93  0.876291496873760622      0.876291496873760622    
   94  0.875783214575089675      0.875783214575089675    
   95  0.875386392227094356      0.875386392227094356    
   96  0.875105934054636658      0.875105934054636658    
   97  0.874936801301948397      0.874936801301948397    
   98   0.00000000000000000       0.00000000000000000    
   99   0.00000000000000000       0.00000000000000000    
  100   0.00000000000000000       0.00000000000000000    
  101   0.00000000000000000       0.00000000000000000    
  102   0.00000000000000000       0.00000000000000000    
  103   0.00000000000000000       0.00000000000000000    
  104   0.00000000000000000       0.00000000000000000    
  105   0.00000000000000000       0.00000000000000000    
  106   0.00000000000000000       0.00000000000000000    
  107   0.00000000000000000       0.00000000000000000    
  108   0.00000000000000000       0.00000000000000000    
  109   0.00000000000000000       0.00000000000000000    
  110   0.00000000000000000       0.00000000000000000    
  111   0.00000000000000000       0.00000000000000000    
  112   0.00000000000000000       0.00000000000000000    
  113   0.00000000000000000       0.00000000000000000    
  114   0.00000000000000000       0.00000000000000000    
  115   0.00000000000000000       0.00000000000000000    
  116   0.00000000000000000       0.00000000000000000    
  117   0.00000000000000000       0.00000000000000000    
  118   0.00000000000000000       0.00000000000000000    
  119   0.00000000000000000       0.00000000000000000    
  120   0.00000000000000000       0.00000000000000000    
  121   0.00000000000000000       0.00000000000000000    
  122   0.00000000000000000       0.00000000000000000    
  123   0.00000000000000000       0.00000000000000000    
  124   0.00000000000000000       0.00000000000000000    
  125   0.00000000000000000       0.00000000000000000    
  126   0.00000000000000000       0.00000000000000000    
  127   0.00000000000000000       0.00000000000000000    
  128   0.00000000000000000       0.00000000000000000    
  129   0.00000000000000000       0.00000000000000000    
  130   0.00000000000000000       0.00000000000000000    
  131   0.00000000000000000       0.00000000000000000    
  132   0.00000000000000000       0.00000000000000000    
  133   0.00000000000000000       0.00000000000000000    
  134   0.00000000000000000       0.00000000000000000    
  135   0.00000000000000000       0.00000000000000000    
  136   0.00000000000000000       0.00000000000000000    
  137   0.00000000000000000       0.00000000000000000    
  138   0.00000000000000000       0.00000000000000000    
  139   0.00000000000000000       0.00000000000000000    
  140   0.00000000000000000       0.00000000000000000    
  141   0.00000000000000000       0.00000000000000000    
  142   0.00000000000000000       0.00000000000000000    
  143   0.00000000000000000       0.00000000000000000    
  144   0.00000000000000000       0.00000000000000000    
  145   0.00000000000000000       0.00000000000000000    
  146   0.00000000000000000       0.00000000000000000    
  147   0.00000000000000000       0.00000000000000000    
  148   0.00000000000000000       0.00000000000000000    
  149   0.00000000000000000       0.00000000000000000    
  150   0.00000000000000000       0.00000000000000000    
  151   0.00000000000000000       0.00000000000000000    
  152   0.00000000000000000       0.00000000000000000    
  153   0.00000000000000000       0.00000000000000000    
  154   0.00000000000000000       0.00000000000000000    
  155   0.00000000000000000       0.00000000000000000    
  156   0.00000000000000000       0.00000000000000000    
  157   0.00000000000000000       0.00000000000000000    
  158   0.00000000000000000       0.00000000000000000    
  159   0.00000000000000000       0.00000000000000000    
  160   0.00000000000000000       0.00000000000000000    
  161   0.00000000000000000       0.00000000000000000    
  162   0.00000000000000000       0.00000000000000000    
  163   0.00000000000000000       0.00000000000000000    
  164   0.00000000000000000       0.00000000000000000    
  165   0.00000000000000000       0.00000000000000000    
  166   0.00000000000000000       0.00000000000000000    
  167   0.00000000000000000       0.00000000000000000    
  168   0.00000000000000000       0.00000000000000000    
  169   0.00000000000000000       0.00000000000000000    
  170   0.00000000000000000       0.00000000000000000    
  171   0.00000000000000000       0.00000000000000000    
  172   0.00000000000000000       0.00000000000000000    
  173   0.00000000000000000       0.00000000000000000    
  174   0.00000000000000000       0.00000000000000000    
  175   0.00000000000000000       0.00000000000000000    
  176   0.00000000000000000       0.00000000000000000    
  177   0.00000000000000000       0.00000000000000000    
  178   0.00000000000000000       0.00000000000000000    
  179   0.00000000000000000       0.00000000000000000    
  180   0.00000000000000000       0.00000000000000000    
  181   0.00000000000000000       0.00000000000000000    
  182   0.00000000000000000       0.00000000000000000    
  183   0.00000000000000000       0.00000000000000000    
  184   0.00000000000000000       0.00000000000000000    
  185   0.00000000000000000       0.00000000000000000    
  186   0.00000000000000000       0.00000000000000000    
  187   0.00000000000000000       0.00000000000000000    
  188   0.00000000000000000       0.00000000000000000    
  189   0.00000000000000000       0.00000000000000000    
  190   0.00000000000000000       0.00000000000000000    
  191   0.00000000000000000       0.00000000000000000    
  192   0.00000000000000000       0.00000000000000000    
# gg4collect - thetasetset ibmagsetset icollsetset
    1  -3.14159265358979400        1          2
    2  0.645098172234350404E-15    2          2
    3  -3.10743348557657884        3          2
    4   3.10743348557721477        3       3222
    5  -3.07327431756336411        4          2
    6   3.07327431756370384        4       3222
    7  -3.03911514955014894        5          2
    8   3.03911514955014850        5        331
    9  -3.00482119496020594        6          2
   10   3.00482119496020239        6       3222
   11  -2.97052724037026250        7          2
   12   2.97052724037026206        7       3222
   13  -2.93623328578031950        8          2
   14   2.93623328578031817        8        331
   15  -2.90167959733417646        9          2
   16   2.90167959733417025        9       3222
   17  -2.86712590888803298       10          2
   18   2.86712590888803120       10       3222
   19  -2.83257222044188994       11          2
   20   2.83257222044188905       11        331
   21  -2.79765290320954430       12          2
   22   2.79765290320954474       12       3222
   23  -2.76273358597719909       13          2
   24   2.76273358597719909       13       3222
   25  -2.72781426874485344       14          2
   26   2.72781426874485255       14        331
   27  -2.69245047285279115       15          2
   28   2.69245047285278938       15       3222
   29  -2.65708667696072931       16          2
   30   2.65708667696072443       16       3222
   31  -2.62172288106866702       17          2
   32   2.62172288106866613       17        331
   33  -2.58586904747751278       18          2
   34   2.58586904747751101       18       3222
   35  -2.55001521388635810       19          2
   36   2.55001521388635766       19       3222
   37  -2.51416138029520386       20          2
   38   2.51416138029520386       20        331
   39  -2.47780931884372535       21          2
   40   2.47780931884372535       21       3222
   41  -2.44145725739224639       22          2
   42   2.44145725739224417       22       3222
   43  -2.40510519594076788       23          2
   44   2.40510519594076699       23        331
   45  -2.36828571710956615       24          2
   46   2.36828571710956437       24       3222
   47  -2.33146623827836441       25          2
   48   2.33146623827836219       25       3222
   49  -2.29464675944716268       26          2
   50   2.29464675944716223       26        331
   51  -2.25742875145900390       27          2
   52   2.25742875145900213       27       3222
   53  -2.22021074347084557       28          2
   54   2.22021074347084291       28       3222
   55  -2.18299273548268680       29          2
   56   2.18299273548268546       29        331
   57  -2.14547976213825020       30          2
   58   2.14547976213824754       30       3222
   59  -2.10796678879381361       31          2
   60   2.10796678879381183       31       3222
   61  -2.07045381544937701       32          2
   62   2.07045381544937523       32       3222
   63  -2.03277849051946502       33          2
   64   2.03277849051946458       33       3222
   65  -1.99510316558955325       34          2
   66   1.99510316558955392       34       3222
   67  -1.95742784065964148       35          2
   68   1.95742784065964193       35        331
   69  -1.91974439520105999       36          2
   70   1.91974439520106044       36       3222
   71  -1.88206094974247873       37          2
   72   1.88206094974247806       37       3222
   73  -1.84437750428389724       38          2
   74   1.84437750428389680       38        331
   75  -1.80685309004197570       39          2
   76   1.80685309004197636       39       3222
   77  -1.76932867580005393       40          2
   78   1.76932867580005482       40       3222
   79  -1.73180426155813239       41          2
   80   1.73180426155813261       41        331
   81  -1.69460961652203146       42          2
   82   1.69460961652203213       42       3222
   83  -1.65741497148593031       43          2
   84   1.65741497148592942       43       3222
   85  -1.62022032644982938       44          2
   86   1.62022032644982872       44        331
   87  -1.58352046159875859       45          2
   88   1.58352046159875703       45       3222
   89  -1.54682059674768801       46          2
   90   1.54682059674768690       46       3222
   91  -1.51012073189661722       47          2
   92   1.51012073189661677       47        331
   93  -1.47406627931414747       48          2
   94   1.47406627931414569       48       3222
   95  -1.43801182673167793       49          2
   96   1.43801182673167749       49       3222
   97  -1.40195737414920818       50          2
   98   1.40195737414920796       50        331
   99  -1.36667716810304940       51          2
  100   1.36667716810304807       51       3222
  101  -1.33139696205689062       52          2
  102   1.33139696205689040       52       3222
  103  -1.29611675601073184       53          2
  104   1.29611675601073162       53        331
  105  -1.26171210617491836       54          2
  106   1.26171210617491725       54       3222
  107  -1.22730745633910510       55          2
  108   1.22730745633910487       55       3222
  109  -1.19290280650329161       56          2
  110   1.19290280650329317       56       3222
  111  -1.15944377546562127       57          2
  112   1.15944377546562150       57       3222
  113  -1.12598474442795116       58          2
  114   1.12598474442795071       58       3222
  115  -1.09252571339028082       59          2
  116   1.09252571339027904       59       3222
  117  -1.06004954092328996       60          2
  118   1.06004954092328774       60       3222
  119  -1.02757336845629887       61          2
  120   1.02757336845629954       61       3222
  121 -0.995097195989307903       62          2
  122  0.995097195989308014       62        331
  123 -0.963608834265349490       63          2
  124  0.963608834265349934       63       3222
  125 -0.932120472541391076       64          2
  126  0.932120472541391631       64       3222
  127 -0.900632110817432663       65          2
  128  0.900632110817432663       65        331
  129 -0.870106662970118183       66          2
  130  0.870106662970116185       66       3222
  131 -0.839581215122803592       67          2
  132  0.839581215122803926       67       3222
  133 -0.809055767275489113       68          2
  134  0.809055767275489335       68        331
  135 -0.779442471766324418       69          2
  136  0.779442471766324863       69       3222
  137 -0.749829176257159724       70          2
  138  0.749829176257158947       70       3222
  139 -0.720215880747995030       71          2
  140  0.720215880747995363       71        331
  141 -0.691443170142895469       72          2
  142  0.691443170142896357       72       3222
  143 -0.662670459537795908       73          2
  144  0.662670459537796241       73       3222
  145 -0.633897748932696348       74          2
  146  0.633897748932697125       74        331
  147 -0.605878845556185208       75          2
  148  0.605878845556185208       75       3222
  149 -0.577859942179673958       76          2
  150  0.577859942179674402       76       3222
  151 -0.549841038803162818       77          2
  152  0.549841038803163595       77        331
  153 -0.522479538477291894       78          2
  154  0.522479538477294447       78       3222
  155 -0.495118038151420969       79          2
  156  0.495118038151422857       79       3222
  157 -0.467756537825550045       80          2
  158  0.467756537825551322       80        331
  159 -0.440951477511464185       81          2
  160  0.440951477511464518       81       3222
  161 -0.414146417197378325       82          2
  162  0.414146417197377770       82       3222
  163 -0.387341356883292465       83          2
  164  0.387341356883293242       83        331
  165 -0.360991356549734188       84          2
  166  0.360991356549736742       84       3222
  167 -0.334641356216175911       85          2
  168  0.334641356216179742       85       3222
  169 -0.308291355882617635       86          2
  170  0.308291355882618912       86        331
  171 -0.282297557089665030       87          2
  172  0.282297557089662976       87       3222
  173 -0.256303758296712370       88          2
  174  0.256303758296712036       88       3222
  175 -0.230309959503759765       89          2
  176  0.230309959503756156       89       3222
  177 -0.204577636732180074       90          2
  178  0.204577636732180601       90       3222
  179 -0.178845313960600355       91          2
  180  0.178845313960599717       91       3222
  181 -0.153112991189020664       92          2
  182  0.153112991189021441       92        331
  183 -0.127551869475063306       93          2
  184  0.127551869475061141       93       3222
  185 -0.101990747761105949       94          2
  186  0.101990747761100897       94       3222
  187 -0.764296260471486050E-01   95          2
  188  0.764296260471493821E-01   95        331
  189 -0.509530840314321859E-01   96          2
  190  0.509530840314389305E-01   96       3222
  191 -0.254765420157157738E-01   97          2
  192  0.254765420157458539E-01   97       3222
#gg4sort - thetasetset ithetasort ithetasort
    1  -3.14159265358979400        1          1
    2  0.645098172234350404E-15    3          3
    3  -3.10743348557657884        5          5
    4   3.10743348557721477        7          7
    5  -3.07327431756336411        9          9
    6   3.07327431756370384       11         11
    7  -3.03911514955014894       13         13
    8   3.03911514955014850       15         15
    9  -3.00482119496020594       17         17
   10   3.00482119496020239       19         19
   11  -2.97052724037026250       21         21
   12   2.97052724037026206       23         23
   13  -2.93623328578031950       25         25
   14   2.93623328578031817       27         27
   15  -2.90167959733417646       29         29
   16   2.90167959733417025       31         31
   17  -2.86712590888803298       33         33
   18   2.86712590888803120       35         35
   19  -2.83257222044188994       37         37
   20   2.83257222044188905       39         39
   21  -2.79765290320954430       41         41
   22   2.79765290320954474       43         43
   23  -2.76273358597719909       45         45
   24   2.76273358597719909       47         47
   25  -2.72781426874485344       49         49
   26   2.72781426874485255       51         51
   27  -2.69245047285279115       53         53
   28   2.69245047285278938       55         55
   29  -2.65708667696072931       57         57
   30   2.65708667696072443       59         59
   31  -2.62172288106866702       61         61
   32   2.62172288106866613       63         63
   33  -2.58586904747751278       65         65
   34   2.58586904747751101       67         67
   35  -2.55001521388635810       69         69
   36   2.55001521388635766       71         71
   37  -2.51416138029520386       73         73
   38   2.51416138029520386       75         75
   39  -2.47780931884372535       77         77
   40   2.47780931884372535       79         79
   41  -2.44145725739224639       81         81
   42   2.44145725739224417       83         83
   43  -2.40510519594076788       85         85
   44   2.40510519594076699       87         87
   45  -2.36828571710956615       89         89
   46   2.36828571710956437       91         91
   47  -2.33146623827836441       93         93
   48   2.33146623827836219       95         95
   49  -2.29464675944716268       97         97
   50   2.29464675944716223       99         99
   51  -2.25742875145900390      101        101
   52   2.25742875145900213      103        103
   53  -2.22021074347084557      105        105
   54   2.22021074347084291      107        107
   55  -2.18299273548268680      109        109
   56   2.18299273548268546      111        111
   57  -2.14547976213825020      113        113
   58   2.14547976213824754      115        115
   59  -2.10796678879381361      117        117
   60   2.10796678879381183      119        119
   61  -2.07045381544937701      121        121
   62   2.07045381544937523      123        123
   63  -2.03277849051946502      125        125
   64   2.03277849051946458      127        127
   65  -1.99510316558955325      129        129
   66   1.99510316558955392      131        131
   67  -1.95742784065964148      133        133
   68   1.95742784065964193      135        135
   69  -1.91974439520105999      137        137
   70   1.91974439520106044      139        139
   71  -1.88206094974247873      141        141
   72   1.88206094974247806      143        143
   73  -1.84437750428389724      145        145
   74   1.84437750428389680      147        147
   75  -1.80685309004197570      149        149
   76   1.80685309004197636      151        151
   77  -1.76932867580005393      153        153
   78   1.76932867580005482      155        155
   79  -1.73180426155813239      157        157
   80   1.73180426155813261      159        159
   81  -1.69460961652203146      161        161
   82   1.69460961652203213      163        163
   83  -1.65741497148593031      165        165
   84   1.65741497148592942      167        167
   85  -1.62022032644982938      169        169
   86   1.62022032644982872      171        171
   87  -1.58352046159875859      173        173
   88   1.58352046159875703      175        175
   89  -1.54682059674768801      177        177
   90   1.54682059674768690      179        179
   91  -1.51012073189661722      181        181
   92   1.51012073189661677      183        183
   93  -1.47406627931414747      185        185
   94   1.47406627931414569      187        187
   95  -1.43801182673167793      189        189
   96   1.43801182673167749      191        191
   97  -1.40195737414920818        2          2
   98   1.40195737414920796      192        192
   99  -1.36667716810304940      190        190
  100   1.36667716810304807      188        188
  101  -1.33139696205689062      186        186
  102   1.33139696205689040      184        184
  103  -1.29611675601073184      182        182
  104   1.29611675601073162      180        180
  105  -1.26171210617491836      178        178
  106   1.26171210617491725      176        176
  107  -1.22730745633910510      174        174
  108   1.22730745633910487      172        172
  109  -1.19290280650329161      170        170
  110   1.19290280650329317      168        168
  111  -1.15944377546562127      166        166
  112   1.15944377546562150      164        164
  113  -1.12598474442795116      162        162
  114   1.12598474442795071      160        160
  115  -1.09252571339028082      158        158
  116   1.09252571339027904      156        156
  117  -1.06004954092328996      154        154
  118   1.06004954092328774      152        152
  119  -1.02757336845629887      150        150
  120   1.02757336845629954      148        148
  121 -0.995097195989307903      146        146
  122  0.995097195989308014      144        144
  123 -0.963608834265349490      142        142
  124  0.963608834265349934      140        140
  125 -0.932120472541391076      138        138
  126  0.932120472541391631      136        136
  127 -0.900632110817432663      134        134
  128  0.900632110817432663      132        132
  129 -0.870106662970118183      130        130
  130  0.870106662970116185      128        128
  131 -0.839581215122803592      126        126
  132  0.839581215122803926      124        124
  133 -0.809055767275489113      122        122
  134  0.809055767275489335      120        120
  135 -0.779442471766324418      118        118
  136  0.779442471766324863      116        116
  137 -0.749829176257159724      114        114
  138  0.749829176257158947      112        112
  139 -0.720215880747995030      110        110
  140  0.720215880747995363      108        108
  141 -0.691443170142895469      106        106
  142  0.691443170142896357      104        104
  143 -0.662670459537795908      102        102
  144  0.662670459537796241      100        100
  145 -0.633897748932696348       98         98
  146  0.633897748932697125       96         96
  147 -0.605878845556185208       94         94
  148  0.605878845556185208       92         92
  149 -0.577859942179673958       90         90
  150  0.577859942179674402       88         88
  151 -0.549841038803162818       86         86
  152  0.549841038803163595       84         84
  153 -0.522479538477291894       82         82
  154  0.522479538477294447       80         80
  155 -0.495118038151420969       78         78
  156  0.495118038151422857       76         76
  157 -0.467756537825550045       74         74
  158  0.467756537825551322       72         72
  159 -0.440951477511464185       70         70
  160  0.440951477511464518       68         68
  161 -0.414146417197378325       66         66
  162  0.414146417197377770       64         64
  163 -0.387341356883292465       62         62
  164  0.387341356883293242       60         60
  165 -0.360991356549734188       58         58
  166  0.360991356549736742       56         56
  167 -0.334641356216175911       54         54
  168  0.334641356216179742       52         52
  169 -0.308291355882617635       50         50
  170  0.308291355882618912       48         48
  171 -0.282297557089665030       46         46
  172  0.282297557089662976       44         44
  173 -0.256303758296712370       42         42
  174  0.256303758296712036       40         40
  175 -0.230309959503759765       38         38
  176  0.230309959503756156       36         36
  177 -0.204577636732180074       34         34
  178  0.204577636732180601       32         32
  179 -0.178845313960600355       30         30
  180  0.178845313960599717       28         28
  181 -0.153112991189020664       26         26
  182  0.153112991189021441       24         24
  183 -0.127551869475063306       22         22
  184  0.127551869475061141       20         20
  185 -0.101990747761105949       18         18
  186  0.101990747761100897       16         16
  187 -0.764296260471486050E-01   14         14
  188  0.764296260471493821E-01   12         12
  189 -0.509530840314321859E-01   10         10
  190  0.509530840314389305E-01    8          8
  191 -0.254765420157157738E-01    6          6
  192  0.254765420157458539E-01    4          4
#gg4sort - bmagset ibmagsort ibmagsort
    1   1.21362837087038722      192        192
    2  0.874879143797429815      132        132
    3   1.21348621199701956      123        123
    4   1.21307717923565139      124        124
    5   1.21240338987529150      125        125
    6   1.21144721919870646      126        126
    7   1.21023169171898903      127        127
    8   1.20876285338941059      128        128
    9   1.20701746089472572      129        129
   10   1.20502888523881069      130        130
   11   1.20280627410799279      131        131
   12   1.20031689631381799      133        133
   13   1.19760717548564588      121        121
   14   1.19468824178395150      134        134
   15   1.19151643561466281      135        135
   16   1.18815130038811145      136        136
   17   1.18460480265724777      137        137
   18   1.18082364366398473      138        138
   19   1.17687788555270600      139        139
   20   1.17277936553328233      140        140
   21   1.16846891091352889      141        141
   22   1.16402227101198674      142        142
   23   1.15945047287766445      122        122
   24   1.15469404784353946      120        120
   25   1.14982810871377383      144        144
   26   1.14486248734862217      108        108
   27   1.13974394081294284       99         99
   28   1.13453998922458665      100        100
   29   1.12925913341592588      101        101
   30   1.12386093397870401      102        102
   31   1.11839856337284838      103        103
   32   1.11287923736724559      104        104
   33   1.10728117846885743      105        105
   34   1.10163736705017046      106        106
   35   1.09595389716531511      107        107
   36   1.09023219839073637      109        109
   37   1.08448065792149273      119        119
   38   1.07870447730697805      110        110
   39   1.07293113490051528      111        111
   40   1.06714180619125454      112        112
   41   1.06134105748978280      113        113
   42   1.05558336033683675      114        114
   43   1.04982199396649856      115        115
   44   1.04406114736611566      116        116
   45   1.03838131378049003      117        117
   46   1.03270910727717991      118        118
   47   1.02704857688460738      143        143
   48   1.02150348197942931      145        145
   49   1.01597675291940170       98         98
   50   1.01047249722163213      146        146
   51   1.00511345945833175      181        181
   52  0.999783329486284456      172        172
   53  0.994486415625318365      173        173
   54  0.989359005747548426      174        174
   55  0.984271065942401324      175        175
   56  0.979227175967051444      176        176
   57  0.974371012663791336      177        177
   58  0.969564946979604159      178        178
   59  0.964813818148556823      179        179
   60  0.960262331076896958      180        180
   61  0.955771499613130793      182        182
   62  0.951346326548949794      170        170
   63  0.947126503189347990      183        183
   64  0.942977532514051142      184        184
   65  0.938904414334693849      185        185
   66  0.935036598945191200      186        186
   67  0.931249083911926179      187        187
   68  0.927546659238243643      188        188
   69  0.924044524368473064      189        189
   70  0.920630992875961729      190        190
   71  0.917310441188889825      191        191
   72  0.914181277719949503      171        171
   73  0.911147575436627943      169        169
   74  0.908213141436310045      147        147
   75  0.905458583206760426      157        157
   76  0.902804773733338783      148        148
   77  0.900254874053613152      149        149
   78  0.897872076772395555      150        150
   79  0.895593825427388968      151        151
   80  0.893422642378148946      152        152
   81  0.891405798203483535      153        153
   82  0.889496056079585706      154        154
   83  0.887695369384237987      155        155
   84  0.886037316899529470      156        156
   85  0.884488015065584388      158        158
   86  0.883048943164625899      168        168
   87  0.881742591293816713      159        159
   88  0.880546051146506192      160        160
   89  0.879460413019504506      161        161
   90  0.878499764685693463      162        162
   91  0.877649637624893231      163        163
   92  0.876910789071254970      164        164
   93  0.876291496873760622      165        165
   94  0.875783214575089675      166        166
   95  0.875386392227094356      167        167
   96  0.875105934054636658        2          2
   97  0.874936801301948397       97         97
   98   0.00000000000000000       96         96
   99   0.00000000000000000       95         95
  100   0.00000000000000000       94         94
  101   0.00000000000000000       93         93
  102   0.00000000000000000       92         92
  103   0.00000000000000000       91         91
  104   0.00000000000000000       90         90
  105   0.00000000000000000       89         89
  106   0.00000000000000000       88         88
  107   0.00000000000000000       87         87
  108   0.00000000000000000       86         86
  109   0.00000000000000000       85         85
  110   0.00000000000000000       84         84
  111   0.00000000000000000       83         83
  112   0.00000000000000000       82         82
  113   0.00000000000000000       81         81
  114   0.00000000000000000       80         80
  115   0.00000000000000000       79         79
  116   0.00000000000000000       78         78
  117   0.00000000000000000       77         77
  118   0.00000000000000000       76         76
  119   0.00000000000000000       75         75
  120   0.00000000000000000       74         74
  121   0.00000000000000000       73         73
  122   0.00000000000000000       72         72
  123   0.00000000000000000       71         71
  124   0.00000000000000000       70         70
  125   0.00000000000000000       69         69
  126   0.00000000000000000       68         68
  127   0.00000000000000000       67         67
  128   0.00000000000000000       66         66
  129   0.00000000000000000       65         65
  130   0.00000000000000000       64         64
  131   0.00000000000000000       63         63
  132   0.00000000000000000       62         62
  133   0.00000000000000000       61         61
  134   0.00000000000000000       60         60
  135   0.00000000000000000       59         59
  136   0.00000000000000000       58         58
  137   0.00000000000000000       57         57
  138   0.00000000000000000       56         56
  139   0.00000000000000000       55         55
  140   0.00000000000000000       54         54
  141   0.00000000000000000       53         53
  142   0.00000000000000000       52         52
  143   0.00000000000000000       51         51
  144   0.00000000000000000       50         50
  145   0.00000000000000000       49         49
  146   0.00000000000000000       48         48
  147   0.00000000000000000       47         47
  148   0.00000000000000000       46         46
  149   0.00000000000000000       45         45
  150   0.00000000000000000       44         44
  151   0.00000000000000000       43         43
  152   0.00000000000000000       42         42
  153   0.00000000000000000       41         41
  154   0.00000000000000000       40         40
  155   0.00000000000000000       39         39
  156   0.00000000000000000       38         38
  157   0.00000000000000000       37         37
  158   0.00000000000000000       36         36
  159   0.00000000000000000       35         35
  160   0.00000000000000000       34         34
  161   0.00000000000000000       33         33
  162   0.00000000000000000       32         32
  163   0.00000000000000000       31         31
  164   0.00000000000000000       30         30
  165   0.00000000000000000       29         29
  166   0.00000000000000000       28         28
  167   0.00000000000000000       27         27
  168   0.00000000000000000       26         26
  169   0.00000000000000000       25         25
  170   0.00000000000000000       24         24
  171   0.00000000000000000       23         23
  172   0.00000000000000000       22         22
  173   0.00000000000000000       21         21
  174   0.00000000000000000       20         20
  175   0.00000000000000000       19         19
  176   0.00000000000000000       18         18
  177   0.00000000000000000       17         17
  178   0.00000000000000000       16         16
  179   0.00000000000000000       15         15
  180   0.00000000000000000       14         14
  181   0.00000000000000000       13         13
  182   0.00000000000000000       12         12
  183   0.00000000000000000       11         11
  184   0.00000000000000000       10         10
  185   0.00000000000000000        9          9
  186   0.00000000000000000        8          8
  187   0.00000000000000000        7          7
  188   0.00000000000000000        6          6
  189   0.00000000000000000        5          5
  190   0.00000000000000000        4          4
  191   0.00000000000000000        3          3
  192   0.00000000000000000        1          1
#gg4metrics - thetares alambdares
    1  0.200000000000000000E+21  0.237601783570926667E-03
    2  0.100000000000000000E+21  0.123883917199281836E-03
    3  0.170795840066074733E-01  0.178286294575395212E-03
    4  0.170795840066870208E-01  0.494113348933832692E-03
    5  0.171132143009694732E-01  0.534503549236607016E-03
    6  0.171469772949716104E-01  0.755350674742020839E-03
    7  0.171469772949713328E-01  0.109045848072066281E-02
    8  0.172116657917543506E-01  0.981428870483487493E-03
    9  0.172768442230716857E-01  0.120014248726963172E-02
   10  0.172768442230709640E-01  0.157695830522318944E-02
   11  0.173677703536021001E-01  0.136654230640886865E-02
   12  0.174596586161726020E-01  0.164523268246266141E-02
   13  0.174596586161728795E-01  0.200691571460740424E-02
   14  0.175700755472940374E-01  0.171155166858219759E-02
   15  0.176818979460315329E-01  0.201083229874879626E-02
   16  0.176818979460309222E-01  0.239736394889299067E-02
   17  0.178035644020462999E-01  0.202576148511981070E-02
   18  0.179269167955771747E-01  0.234608715187964879E-02
   19  0.179269167955770081E-01  0.275734529952955873E-02
   20  0.180506143052055756E-01  0.231484175008633396E-02
   21  0.181760307257396447E-01  0.255615670726933118E-02
   22  0.181760307257394782E-01  0.309284377412949452E-02
   23  0.182921386089786725E-01  0.258283423446556979E-02
   24  0.184097394156010341E-01  0.294569014317463268E-02
   25  0.184097394156007010E-01  0.340819927664632889E-02
   26  0.185088354039208702E-01  0.283275680277757192E-02
   27  0.186090039940795537E-01  0.321691949925074659E-02
   28  0.186090039940792207E-01  0.370659441728754665E-02
   29  0.186824542739393515E-01  0.306680520393591474E-02
   30  0.187564866722183532E-01  0.332450717714950902E-02
   31  0.187564866722181867E-01  0.399026653872132375E-02
   32  0.187969869284956639E-01  0.328645123245383235E-02
   33  0.188376624649556346E-01  0.371321968320526821E-02
   34  0.188376624649557733E-01  0.426064255324414519E-02
   35  0.188396923783598694E-01  0.349251982939012594E-02
   36  0.188417227292908274E-01  0.375740359057394075E-02
   37  0.188417227292907996E-01  0.451845038207145284E-02
   38  0.188018808550298178E-01  0.368525787257589690E-02
   39  0.187622071209606611E-01  0.395237092507880368E-02
   40  0.187622071209608832E-01  0.476381407999819546E-02
   41  0.186794009641180134E-01  0.386439917001465613E-02
   42  0.185973225180506574E-01  0.435622913145396803E-02
   43  0.185973225180506851E-01  0.499633209900664753E-02
   44  0.184727992389788591E-01  0.402921242678209481E-02
   45  0.183499324255353979E-01  0.429810157888062781E-02
   46  0.183499324255352037E-01  0.521514129760708607E-02
   47  0.181871479759904905E-01  0.417853738205179424E-02
   48  0.180272262912348213E-01  0.471661304961157064E-02
   49  0.180272262912346271E-01  0.541897693812332625E-02
   50  0.178315637930383381E-01  0.431082461665400433E-02
   51  0.176401030230793898E-01  0.457835724543845420E-02
   52  0.176401030230792510E-01  0.560624831711032095E-02
   53  0.174184637363577546E-01  0.442418121334631296E-02
   54  0.172023249179066862E-01  0.501359670913506614E-02
   55  0.172023249179063531E-01  0.577515260988074788E-02
   56  0.169626261334498880E-01  0.451645524987684052E-02
   57  0.167295155188353639E-01  0.478045740088869041E-02
   58  0.167295155188353639E-01  0.592385214340871921E-02
   59  0.164801381477647085E-01  0.458535519399212808E-02
   60  0.162380862334951803E-01  0.523502323946912693E-02
   61  0.162380862334952220E-01  0.605072675175660421E-02
   62  0.159873198325419380E-01  0.462862644586627126E-02
   63  0.157441808619791512E-01  0.531359641213569305E-02
   64  0.157441808619792623E-01  0.615469342109874456E-02
   65  0.154997145030636545E-01  0.464422243980581930E-02
   66  0.152627239236572260E-01  0.536941224042151999E-02
   67  0.152627239236569900E-01  0.623554211172886851E-02
   68  0.150312270792523663E-01  0.463042271493938496E-02
   69  0.148066477545824721E-01  0.540231310375226953E-02
   70  0.148066477545823610E-01  0.629419735887732420E-02
   71  0.145934760476845345E-01  0.458575740612058441E-02
   72  0.143863553025497803E-01  0.541291781532318196E-02
   73  0.143863553025497942E-01  0.633278629558528452E-02
   74  0.141954021342948281E-01  0.450857889594239239E-02
   75  0.140094516882556391E-01  0.506475941211165150E-02
   76  0.140094516882555004E-01  0.635440750016247162E-02
   77  0.138431499702839009E-01  0.439607916301097256E-02
   78  0.136807501629353234E-01  0.537195513572950520E-02
   79  0.136807501629356218E-01  0.636255307183244013E-02
   80  0.135402111164842406E-01  0.424248092532973978E-02
   81  0.134025301570431590E-01  0.450295303761013340E-02
   82  0.134025301570428745E-01  0.636020111934440264E-02
   83  0.132877912208439093E-01  0.403578767412977272E-02
   84  0.131750001667787567E-01  0.429463117470775882E-02
   85  0.131750001667792979E-01  0.634852791133931268E-02
   86  0.130853437903761631E-01  0.375138445673569828E-02
   87  0.129968993964765175E-01  0.514570804012272776E-02
   88  0.129968993964765106E-01  0.632460525588727802E-02
   89  0.129311999502083087E-01  0.333677764840084818E-02
   90  0.128661613857894812E-01  0.499058733690618643E-02
   91  0.128661613857898212E-01  0.627434300628893198E-02
   92  0.128232182678364795E-01  0.266502557485137062E-02
   93  0.127805608569794074E-01  0.472117258981031521E-02
   94  0.127805608569783076E-01  0.613135874147684602E-02
   95  0.127593808910140497E-01  0.133588437349402549E-02
   96  0.127382710078545458E-01  0.398851971375166568E-02
   97  0.127382710078588895E-01  0.402429963878320283E-02
   98   0.00000000000000000       0.00000000000000000    
   99   0.00000000000000000       0.00000000000000000    
  100   0.00000000000000000       0.00000000000000000    
  101   0.00000000000000000       0.00000000000000000    
  102   0.00000000000000000       0.00000000000000000    
  103   0.00000000000000000       0.00000000000000000    
  104   0.00000000000000000       0.00000000000000000    
  105   0.00000000000000000       0.00000000000000000    
  106   0.00000000000000000       0.00000000000000000    
  107   0.00000000000000000       0.00000000000000000    
  108   0.00000000000000000       0.00000000000000000    
  109   0.00000000000000000       0.00000000000000000    
  110   0.00000000000000000       0.00000000000000000    
  111   0.00000000000000000       0.00000000000000000    
  112   0.00000000000000000       0.00000000000000000    
  113   0.00000000000000000       0.00000000000000000    
  114   0.00000000000000000       0.00000000000000000    
  115   0.00000000000000000       0.00000000000000000    
  116   0.00000000000000000       0.00000000000000000    
  117   0.00000000000000000       0.00000000000000000    
  118   0.00000000000000000       0.00000000000000000    
  119   0.00000000000000000       0.00000000000000000    
  120   0.00000000000000000       0.00000000000000000    
  121   0.00000000000000000       0.00000000000000000    
  122   0.00000000000000000       0.00000000000000000    
  123   0.00000000000000000       0.00000000000000000    
  124   0.00000000000000000       0.00000000000000000    
  125   0.00000000000000000       0.00000000000000000    
  126   0.00000000000000000       0.00000000000000000    
  127   0.00000000000000000       0.00000000000000000    
  128   0.00000000000000000       0.00000000000000000    
  129   0.00000000000000000       0.00000000000000000    
  130   0.00000000000000000       0.00000000000000000    
  131   0.00000000000000000       0.00000000000000000    
  132   0.00000000000000000       0.00000000000000000    
  133   0.00000000000000000       0.00000000000000000    
  134   0.00000000000000000       0.00000000000000000    
  135   0.00000000000000000       0.00000000000000000    
  136   0.00000000000000000       0.00000000000000000    
  137   0.00000000000000000       0.00000000000000000    
  138   0.00000000000000000       0.00000000000000000    
  139   0.00000000000000000       0.00000000000000000    
  140   0.00000000000000000       0.00000000000000000    
  141   0.00000000000000000       0.00000000000000000    
  142   0.00000000000000000       0.00000000000000000    
  143   0.00000000000000000       0.00000000000000000    
  144   0.00000000000000000       0.00000000000000000    
  145   0.00000000000000000       0.00000000000000000    
  146   0.00000000000000000       0.00000000000000000    
  147   0.00000000000000000       0.00000000000000000    
  148   0.00000000000000000       0.00000000000000000    
  149   0.00000000000000000       0.00000000000000000    
  150   0.00000000000000000       0.00000000000000000    
  151   0.00000000000000000       0.00000000000000000    
  152   0.00000000000000000       0.00000000000000000    
  153   0.00000000000000000       0.00000000000000000    
  154   0.00000000000000000       0.00000000000000000    
  155   0.00000000000000000       0.00000000000000000    
  156   0.00000000000000000       0.00000000000000000    
  157   0.00000000000000000       0.00000000000000000    
  158   0.00000000000000000       0.00000000000000000    
  159   0.00000000000000000       0.00000000000000000    
  160   0.00000000000000000       0.00000000000000000    
  161   0.00000000000000000       0.00000000000000000    
  162   0.00000000000000000       0.00000000000000000    
  163   0.00000000000000000       0.00000000000000000    
  164   0.00000000000000000       0.00000000000000000    
  165   0.00000000000000000       0.00000000000000000    
  166   0.00000000000000000       0.00000000000000000    
  167   0.00000000000000000       0.00000000000000000    
  168   0.00000000000000000       0.00000000000000000    
  169   0.00000000000000000       0.00000000000000000    
  170   0.00000000000000000       0.00000000000000000    
  171   0.00000000000000000       0.00000000000000000    
  172   0.00000000000000000       0.00000000000000000    
  173   0.00000000000000000       0.00000000000000000    
  174   0.00000000000000000       0.00000000000000000    
  175   0.00000000000000000       0.00000000000000000    
  176   0.00000000000000000       0.00000000000000000    
  177   0.00000000000000000       0.00000000000000000    
  178   0.00000000000000000       0.00000000000000000    
  179   0.00000000000000000       0.00000000000000000    
  180   0.00000000000000000       0.00000000000000000    
  181   0.00000000000000000       0.00000000000000000    
  182   0.00000000000000000       0.00000000000000000    
  183   0.00000000000000000       0.00000000000000000    
  184   0.00000000000000000       0.00000000000000000    
  185   0.00000000000000000       0.00000000000000000    
  186   0.00000000000000000       0.00000000000000000    
  187   0.00000000000000000       0.00000000000000000    
  188   0.00000000000000000       0.00000000000000000    
  189   0.00000000000000000       0.00000000000000000    
  190   0.00000000000000000       0.00000000000000000    
  191   0.00000000000000000       0.00000000000000000    
  192   0.00000000000000000       0.00000000000000000    
#gg4results - output grid - thetagrid thetagrid
    1  -3.14159265358979400       1.21362837087038722    
    2  -3.00482119496020594       1.21144721919870646    
    3  -2.86712590888803298       1.20502888523881069    
    4  -2.72781426874485344       1.19468824178395150    
    5  -2.58586904747751278       1.18082364366398473    
    6  -2.44145725739224639       1.16402227101198674    
    7  -2.29464675944716268       1.14486248734862217    
    8  -2.22021074347084557       1.13453998922458665    
    9  -2.14547976213825020       1.12386093397870401    
   10  -2.07045381544937701       1.11287923736724559    
   11  -1.99510316558955325       1.10163736705017046    
   12  -1.91974439520105999       1.09023219839073637    
   13  -1.84437750428389724       1.07870447730697805    
   14  -1.73180426155813239       1.06134105748978280    
   15  -1.62022032644982938       1.04406114736611566    
   16  -1.51012073189661722       1.02704857688460738    
   17  -1.40195737414920818       1.01047249722163213    
   18  -1.29611675601073184      0.994486415625318365    
   19  -1.19290280650329161      0.979227175967051444    
   20  -1.09252571339028082      0.964813818148556823    
   21 -0.995097195989307903      0.951346326548949794    
   22 -0.900632110817432663      0.938904414334693849    
   23 -0.809055767275489113      0.927546659238243643    
   24 -0.720215880747995030      0.917310441188889825    
   25 -0.633897748932696348      0.908213141436310045    
   26 -0.549841038803162818      0.900254874053613152    
   27 -0.467756537825550045      0.893422642378148946    
   28 -0.387341356883292465      0.887695369384237987    
   29 -0.308291355882617635      0.883048943164625899    
   30 -0.230309959503759765      0.879460413019504506    
   31 -0.153112991189020664      0.876910789071254970    
   32 -0.764296260471486050E-01  0.875386392227094356    
   33  0.645098172234350404E-15  0.874879143797429815    
   34  0.764296260471493821E-01  0.875386392227094356    
   35  0.153112991189021441      0.876910789071254970    
   36  0.230309959503756156      0.879460413019504506    
   37  0.308291355882618912      0.883048943164625899    
   38  0.387341356883293242      0.887695369384237987    
   39  0.467756537825551322      0.893422642378148946    
   40  0.549841038803163595      0.900254874053613152    
   41  0.633897748932697125      0.908213141436310045    
   42  0.720215880747995363      0.917310441188889825    
   43  0.809055767275489335      0.927546659238243643    
   44  0.900632110817432663      0.938904414334693849    
   45  0.995097195989308014      0.951346326548949794    
   46   1.09252571339027904      0.964813818148556823    
   47   1.19290280650329317      0.979227175967051444    
   48   1.29611675601073162      0.994486415625318365    
   49   1.40195737414920796       1.01047249722163213    
   50   1.51012073189661677       1.02704857688460738    
   51   1.62022032644982872       1.04406114736611566    
   52   1.73180426155813261       1.06134105748978280    
   53   1.84437750428389680       1.07870447730697805    
   54   1.91974439520106044       1.09023219839073637    
   55   1.99510316558955392       1.10163736705017046    
   56   2.07045381544937523       1.11287923736724559    
   57   2.14547976213824754       1.12386093397870401    
   58   2.22021074347084291       1.13453998922458665    
   59   2.29464675944716223       1.14486248734862217    
   60   2.44145725739224417       1.16402227101198674    
   61   2.58586904747751101       1.18082364366398473    
   62   2.72781426874485255       1.19468824178395150    
   63   2.86712590888803120       1.20502888523881069    
   64   3.00482119496020239       1.21144721919870646    
   65   3.14159265358979312       1.21362837087038722    
#gg4results - output 1/lambda - bset bset
    1   1.21362837087038722       1.21362837087038722    
    2   1.21144721919870646       1.21144721919870646    
    3   1.20502888523881069       1.20502888523881069    
    4   1.19468824178395150       1.19468824178395150    
    5   1.18082364366398473       1.18082364366398473    
    6   1.16402227101198674       1.16402227101198674    
    7   1.14486248734862217       1.14486248734862217    
    8   1.13453998922458665       1.13453998922458665    
    9   1.12386093397870401       1.12386093397870401    
   10   1.11287923736724559       1.11287923736724559    
   11   1.10163736705017046       1.10163736705017046    
   12   1.09023219839073637       1.09023219839073637    
   13   1.07870447730697805       1.07870447730697805    
   14   1.06134105748978280       1.06134105748978280    
   15   1.04406114736611566       1.04406114736611566    
   16   1.02704857688460738       1.02704857688460738    
   17   1.01047249722163213       1.01047249722163213    
   18  0.994486415625318365      0.994486415625318365    
   19  0.979227175967051444      0.979227175967051444    
   20  0.964813818148556823      0.964813818148556823    
   21  0.951346326548949794      0.951346326548949794    
   22  0.938904414334693849      0.938904414334693849    
   23  0.927546659238243643      0.927546659238243643    
   24  0.917310441188889825      0.917310441188889825    
   25  0.908213141436310045      0.908213141436310045    
   26  0.900254874053613152      0.900254874053613152    
   27  0.893422642378148946      0.893422642378148946    
   28  0.887695369384237987      0.887695369384237987    
   29  0.883048943164625899      0.883048943164625899    
   30  0.879460413019504506      0.879460413019504506    
   31  0.876910789071254970      0.876910789071254970    
   32  0.875386392227094356      0.875386392227094356    
   33  0.874879143797429815      0.874879143797429815    
