 nbmag=          65
 thetain,bmagin=
  -3.1415926535897931        1.2147942222810337     
  -3.0431281488050863        1.2135563067871844     
  -2.9446747545440739        1.2098706156102308     
  -2.8462431579670660        1.2038199736727750     
  -2.7478432152334329        1.1955380683237902     
  -2.6494835747923808        1.1852033075964328     
  -2.5511713457660470        1.1730309474219527     
  -2.4529118240538303        1.1592640992314165     
  -2.3547082867845255        1.1441642650163917     
  -2.2565618633185336        1.1280020138493425     
  -2.1584714882188121        1.1110483253925163     
  -2.0604339385484707        1.0935670012320571     
  -1.9624439546183965        1.0758084046977563     
  -1.8644944400223380        1.0580046527464797     
  -1.7665767335964342        1.0403662634882902     
  -1.6686809429715208        1.0230801684416151     
  -1.5707963267948968        1.0063089327412622     
  -1.4729117106182725       0.99019098819470197     
  -1.3750159199933591       0.97484166939565919     
  -1.2770982135674553       0.96035484676336413     
  -1.1791486989713971       0.94680496680536608     
  -1.0811587150413229       0.93424933401259314     
 -0.98312116537098093       0.92273049640327942     
 -0.88503079027125953       0.91227862469867926     
 -0.78688436680526797       0.90291380129817878     
 -0.68868082953596310       0.89464815833349420     
 -0.59042130782374658       0.88748782348991795     
 -0.49210907879741217       0.88143464782979930     
 -0.39374943835636023       0.87648770169737467     
 -0.29534949562272722       0.87264453327097968     
 -0.19691789904571935       0.86990218990487322     
  -9.8464504784706725E-002  0.86825800555251020     
  -1.5856180819407377E-016  0.86771015877216673     
   9.8464504784706405E-002  0.86825800555251020     
  0.19691789904571905       0.86990218990487322     
  0.29534949562272689       0.87264453327097968     
  0.39374943835636039       0.87648770169737467     
  0.49210907879741239       0.88143464782979930     
  0.59042130782374624       0.88748782348991795     
  0.68868082953596332       0.89464815833349420     
  0.78688436680526819       0.90291380129817878     
  0.88503079027126019       0.91227862469867926     
  0.98312116537098138       0.92273049640327942     
   1.0811587150413229       0.93424933401259314     
   1.1791486989713962       0.94680496680536608     
   1.2770982135674551       0.96035484676336413     
   1.3750159199933594       0.97484166939565919     
   1.4729117106182734       0.99019098819470197     
   1.5707963267948963        1.0063089327412622     
   1.6686809429715204        1.0230801684416151     
   1.7665767335964342        1.0403662634882902     
   1.8644944400223380        1.0580046527464797     
   1.9624439546183969        1.0758084046977563     
   2.0604339385484711        1.0935670012320571     
   2.1584714882188121        1.1110483253925163     
   2.2565618633185336        1.1280020138493425     
   2.3547082867845255        1.1441642650163917     
   2.4529118240538303        1.1592640992314165     
   2.5511713457660470        1.1730309474219527     
   2.6494835747923813        1.1852033075964328     
   2.7478432152334333        1.1955380683237902     
   2.8462431579670664        1.2038199736727750     
   2.9446747545440739        1.2098706156102308     
   3.0431281488050863        1.2135563067871844     
   3.1415926535897940        1.2147942222810337     
 alknob=   0.0000000000000000     
 epsknob=   1.0000000000000001E-005
 bpknob=   1.0000000000000000E-008
 extrknob=   0.0000000000000000     
 thetamax=   0.0000000000000000     
 deltaw,widthw=   0.0000000000000000        1.0000000000000000     
 tension=   1.0000000000000000     
 ntheta,nlambda=          64          33
#gg4init - input grid - thetain bmagin 
    1  -3.14159265358979312       1.21479422228103373    
    2  -3.04312814880508631       1.21355630678718440    
    3  -2.94467475454407390       1.20987061561023079    
    4  -2.84624315796706595       1.20381997367277505    
    5  -2.74784321523343289       1.19553806832379017    
    6  -2.64948357479238084       1.18520330759643278    
    7  -2.55117134576604698       1.17303094742195269    
    8  -2.45291182405383035       1.15926409923141649    
    9  -2.35470828678452548       1.14416426501639168    
   10  -2.25656186331853359       1.12800201384934251    
   11  -2.15847148821881207       1.11104832539251630    
   12  -2.06043393854847068       1.09356700123205708    
   13  -1.96244395461839649       1.07580840469775629    
   14  -1.86449444002233800       1.05800465274647970    
   15  -1.76657673359643419       1.04036626348829020    
   16  -1.66868094297152081       1.02308016844161509    
   17  -1.57079632679489678       1.00630893274126221    
   18  -1.47291171061827253      0.990190988194701971    
   19  -1.37501591999335915      0.974841669395659194    
   20  -1.27709821356745534      0.960354846763364134    
   21  -1.17914869897139707      0.946804966805366077    
   22  -1.08115871504132288      0.934249334012593136    
   23 -0.983121165370980932      0.922730496403279421    
   24 -0.885030790271259526      0.912278624698679264    
   25 -0.786884366805267965      0.902913801298178775    
   26 -0.688680829535963102      0.894648158333494203    
   27 -0.590421307823746577      0.887487823489917949    
   28 -0.492109078797412169      0.881434647829799300    
   29 -0.393749438356360226      0.876487701697374666    
   30 -0.295349495622727221      0.872644533270979683    
   31 -0.196917899045719352      0.869902189904873224    
   32 -0.984645047847067245E-01  0.868258005552510204    
   33 -0.158561808194073772E-15  0.867710158772166729    
   34  0.984645047847064053E-01  0.868258005552510204    
   35  0.196917899045719047      0.869902189904873224    
   36  0.295349495622726888      0.872644533270979683    
   37  0.393749438356360393      0.876487701697374666    
   38  0.492109078797412391      0.881434647829799300    
   39  0.590421307823746244      0.887487823489917949    
   40  0.688680829535963324      0.894648158333494203    
   41  0.786884366805268187      0.902913801298178775    
   42  0.885030790271260193      0.912278624698679264    
   43  0.983121165370981376      0.922730496403279421    
   44   1.08115871504132288      0.934249334012593136    
   45   1.17914869897139618      0.946804966805366077    
   46   1.27709821356745512      0.960354846763364134    
   47   1.37501591999335937      0.974841669395659194    
   48   1.47291171061827342      0.990190988194701971    
   49   1.57079632679489634       1.00630893274126221    
   50   1.66868094297152036       1.02308016844161509    
   51   1.76657673359643419       1.04036626348829020    
   52   1.86449444002233800       1.05800465274647970    
   53   1.96244395461839694       1.07580840469775629    
   54   2.06043393854847112       1.09356700123205708    
   55   2.15847148821881207       1.11104832539251630    
   56   2.25656186331853359       1.12800201384934251    
   57   2.35470828678452548       1.14416426501639168    
   58   2.45291182405383035       1.15926409923141649    
   59   2.55117134576604698       1.17303094742195269    
   60   2.64948357479238128       1.18520330759643278    
   61   2.74784321523343333       1.19553806832379017    
   62   2.84624315796706640       1.20381997367277505    
   63   2.94467475454407390       1.20987061561023079    
   64   3.04312814880508631       1.21355630678718440    
   65   3.14159265358979400       1.21479422228103373    
#gg4start - starting grid - thetastart thetastart
    1  -3.14159265358979312      -3.14159265358979312    
    2 -0.158561808194073772E-15 -0.158561808194073772E-15
    3  -3.10877115199489085      -3.10877115199489085    
    4  -3.07594965039998858      -3.07594965039998858    
    5  -3.04312814880508631      -3.04312814880508631    
    6  -3.01031035071808217      -3.01031035071808217    
    7  -2.97749255263107804      -2.97749255263107804    
    8  -2.94467475454407390      -2.94467475454407390    
    9  -2.91186422235173792      -2.91186422235173792    
   10  -2.87905369015940193      -2.87905369015940193    
   11  -2.84624315796706595      -2.84624315796706595    
   12  -2.81344317705585478      -2.81344317705585478    
   13  -2.78064319614464406      -2.78064319614464406    
   14  -2.74784321523343289      -2.74784321523343289    
   15  -2.71505666841974902      -2.71505666841974902    
   16  -2.68227012160606471      -2.68227012160606471    
   17  -2.64948357479238084      -2.64948357479238084    
   18  -2.61671283178360303      -2.61671283178360303    
   19  -2.58394208877482479      -2.58394208877482479    
   20  -2.55117134576604698      -2.55117134576604698    
   21  -2.51841817186197492      -2.51841817186197492    
   22  -2.48566499795790241      -2.48566499795790241    
   23  -2.45291182405383035      -2.45291182405383035    
   24  -2.42017731163072858      -2.42017731163072858    
   25  -2.38744279920762725      -2.38744279920762725    
   26  -2.35470828678452548      -2.35470828678452548    
   27  -2.32199281229586152      -2.32199281229586152    
   28  -2.28927733780719755      -2.28927733780719755    
   29  -2.25656186331853359      -2.25656186331853359    
   30  -2.22386507161862657      -2.22386507161862657    
   31  -2.19116827991871910      -2.19116827991871910    
   32  -2.15847148821881207      -2.15847148821881207    
   33  -2.12579230499536509      -2.12579230499536509    
   34  -2.09311312177191766      -2.09311312177191766    
   35  -2.06043393854847068      -2.06043393854847068    
   36  -2.02777061057177921      -2.02777061057177921    
   37  -1.99510728259508796      -1.99510728259508796    
   38  -1.96244395461839649      -1.96244395461839649    
   39  -1.92979411641971033      -1.92979411641971033    
   40  -1.89714427822102416      -1.89714427822102416    
   41  -1.86449444002233800      -1.86449444002233800    
   42  -1.83185520454703665      -1.83185520454703665    
   43  -1.79921596907173553      -1.79921596907173553    
   44  -1.76657673359643419      -1.76657673359643419    
   45  -1.73394480338812973      -1.73394480338812973    
   46  -1.70131287317982527      -1.70131287317982527    
   47  -1.66868094297152081      -1.66868094297152081    
   48  -1.63605273757931280      -1.63605273757931280    
   49  -1.60342453218710479      -1.60342453218710479    
   50  -1.57079632679489678      -1.57079632679489678    
   51  -1.53816812140268877      -1.53816812140268877    
   52  -1.50553991601048054      -1.50553991601048054    
   53  -1.47291171061827253      -1.47291171061827253    
   54  -1.44027978040996807      -1.44027978040996807    
   55  -1.40764785020166361      -1.40764785020166361    
   56  -1.37501591999335915      -1.37501591999335915    
   57  -1.34237668451805781      -1.34237668451805781    
   58  -1.30973744904275669      -1.30973744904275669    
   59  -1.27709821356745534      -1.27709821356745534    
   60  -1.24444837536876918      -1.24444837536876918    
   61  -1.21179853717008323      -1.21179853717008323    
   62  -1.17914869897139707      -1.17914869897139707    
   63  -1.14648537099470560      -1.14648537099470560    
   64  -1.11382204301801435      -1.11382204301801435    
   65  -1.08115871504132288      -1.08115871504132288    
   66  -1.04847953181787545      -1.04847953181787545    
   67  -1.01580034859442825      -1.01580034859442825    
   68 -0.983121165370980932     -0.983121165370980932    
   69 -0.950424373671073797     -0.950424373671073797    
   70 -0.917727581971166662     -0.917727581971166662    
   71 -0.885030790271259526     -0.885030790271259526    
   72 -0.852315315782595673     -0.852315315782595673    
   73 -0.819599841293931819     -0.819599841293931819    
   74 -0.786884366805267965     -0.786884366805267965    
   75 -0.754149854382166307     -0.754149854382166307    
   76 -0.721415341959064760     -0.721415341959064760    
   77 -0.688680829535963102     -0.688680829535963102    
   78 -0.655927655631890927     -0.655927655631890927    
   79 -0.623174481727818752     -0.623174481727818752    
   80 -0.590421307823746577     -0.590421307823746577    
   81 -0.557650564814968441     -0.557650564814968441    
   82 -0.524879821806190305     -0.524879821806190305    
   83 -0.492109078797412169     -0.492109078797412169    
   84 -0.459322531983728188     -0.459322531983728188    
   85 -0.426535985170044207     -0.426535985170044207    
   86 -0.393749438356360226     -0.393749438356360226    
   87 -0.360949457445149224     -0.360949457445149224    
   88 -0.328149476533938222     -0.328149476533938222    
   89 -0.295349495622727221     -0.295349495622727221    
   90 -0.262538963430391292     -0.262538963430391292    
   91 -0.229728431238055308     -0.229728431238055308    
   92 -0.196917899045719352     -0.196917899045719352    
   93 -0.164100100958715134     -0.164100100958715134    
   94 -0.131282302871710943     -0.131282302871710943    
   95 -0.984645047847067245E-01 -0.984645047847067245E-01
   96 -0.656430031898045385E-01 -0.656430031898045385E-01
   97 -0.328215015949023386E-01 -0.328215015949023386E-01
   98  0.328215015949020264E-01  0.328215015949020264E-01
   99  0.656430031898042193E-01  0.656430031898042193E-01
  100  0.984645047847064053E-01  0.984645047847064053E-01
  101  0.131282302871710610      0.131282302871710610    
  102  0.164100100958714828      0.164100100958714828    
  103  0.196917899045719047      0.196917899045719047    
  104  0.229728431238055003      0.229728431238055003    
  105  0.262538963430390959      0.262538963430390959    
  106  0.295349495622726888      0.295349495622726888    
  107  0.328149476533938056      0.328149476533938056    
  108  0.360949457445149224      0.360949457445149224    
  109  0.393749438356360393      0.393749438356360393    
  110  0.426535985170044374      0.426535985170044374    
  111  0.459322531983728410      0.459322531983728410    
  112  0.492109078797412391      0.492109078797412391    
  113  0.524879821806190305      0.524879821806190305    
  114  0.557650564814968330      0.557650564814968330    
  115  0.590421307823746244      0.590421307823746244    
  116  0.623174481727818641      0.623174481727818641    
  117  0.655927655631890927      0.655927655631890927    
  118  0.688680829535963324      0.688680829535963324    
  119  0.721415341959064982      0.721415341959064982    
  120  0.754149854382166529      0.754149854382166529    
  121  0.786884366805268187      0.786884366805268187    
  122  0.819599841293932152      0.819599841293932152    
  123  0.852315315782596228      0.852315315782596228    
  124  0.885030790271260193      0.885030790271260193    
  125  0.917727581971167217      0.917727581971167217    
  126  0.950424373671074352      0.950424373671074352    
  127  0.983121165370981376      0.983121165370981376    
  128   1.01580034859442847       1.01580034859442847    
  129   1.04847953181787568       1.04847953181787568    
  130   1.08115871504132288       1.08115871504132288    
  131   1.11382204301801391       1.11382204301801391    
  132   1.14648537099470516       1.14648537099470516    
  133   1.17914869897139618       1.17914869897139618    
  134   1.21179853717008257       1.21179853717008257    
  135   1.24444837536876873       1.24444837536876873    
  136   1.27709821356745512       1.27709821356745512    
  137   1.30973744904275646       1.30973744904275646    
  138   1.34237668451805803       1.34237668451805803    
  139   1.37501591999335937       1.37501591999335937    
  140   1.40764785020166405       1.40764785020166405    
  141   1.44027978040996874       1.44027978040996874    
  142   1.47291171061827342       1.47291171061827342    
  143   1.50553991601048098       1.50553991601048098    
  144   1.53816812140268877       1.53816812140268877    
  145   1.57079632679489634       1.57079632679489634    
  146   1.60342453218710435       1.60342453218710435    
  147   1.63605273757931236       1.63605273757931236    
  148   1.66868094297152036       1.66868094297152036    
  149   1.70131287317982505       1.70131287317982505    
  150   1.73394480338812951       1.73394480338812951    
  151   1.76657673359643419       1.76657673359643419    
  152   1.79921596907173553       1.79921596907173553    
  153   1.83185520454703665       1.83185520454703665    
  154   1.86449444002233800       1.86449444002233800    
  155   1.89714427822102438       1.89714427822102438    
  156   1.92979411641971055       1.92979411641971055    
  157   1.96244395461839694       1.96244395461839694    
  158   1.99510728259508840       1.99510728259508840    
  159   2.02777061057177965       2.02777061057177965    
  160   2.06043393854847112       2.06043393854847112    
  161   2.09311312177191811       2.09311312177191811    
  162   2.12579230499536509       2.12579230499536509    
  163   2.15847148821881207       2.15847148821881207    
  164   2.19116827991871910       2.19116827991871910    
  165   2.22386507161862657       2.22386507161862657    
  166   2.25656186331853359       2.25656186331853359    
  167   2.28927733780719755       2.28927733780719755    
  168   2.32199281229586152       2.32199281229586152    
  169   2.35470828678452548       2.35470828678452548    
  170   2.38744279920762725       2.38744279920762725    
  171   2.42017731163072858       2.42017731163072858    
  172   2.45291182405383035       2.45291182405383035    
  173   2.48566499795790241       2.48566499795790241    
  174   2.51841817186197492       2.51841817186197492    
  175   2.55117134576604698       2.55117134576604698    
  176   2.58394208877482523       2.58394208877482523    
  177   2.61671283178360303       2.61671283178360303    
  178   2.64948357479238128       2.64948357479238128    
  179   2.68227012160606515       2.68227012160606515    
  180   2.71505666841974946       2.71505666841974946    
  181   2.74784321523343333       2.74784321523343333    
  182   2.78064319614464450       2.78064319614464450    
  183   2.81344317705585523       2.81344317705585523    
  184   2.84624315796706640       2.84624315796706640    
  185   2.87905369015940238       2.87905369015940238    
  186   2.91186422235173792       2.91186422235173792    
  187   2.94467475454407390       2.94467475454407390    
  188   2.97749255263107804       2.97749255263107804    
  189   3.01031035071808217       3.01031035071808217    
  190   3.04312814880508631       3.04312814880508631    
  191   3.07594965039998902       3.07594965039998902    
  192   3.10877115199489129       3.10877115199489129    
#gg4start - starting field - bmagstart bmagstart
    1   1.21479422228103373       1.21479422228103373    
    2  0.867710158772166729      0.867710158772166729    
    3   1.21465131618214506       1.21465131618214506    
    4   1.21423831721032016       1.21423831721032016    
    5   1.21355630678718440       1.21355630678718440    
    6   1.21259179343709023       1.21259179343709023    
    7   1.21136216518378070       1.21136216518378070    
    8   1.20987061561023079       1.20987061561023079    
    9   1.20810632760590475       1.20810632760590475    
   10   1.20608772762719418       1.20608772762719418    
   11   1.20381997367277505       1.20381997367277505    
   12   1.20129522556172175       1.20129522556172175    
   13   1.19853229380372261       1.19853229380372261    
   14   1.19553806832379017       1.19553806832379017    
   15   1.19230782666528756       1.19230782666528756    
   16   1.18886013197854234       1.18886013197854234    
   17   1.18520330759643278       1.18520330759643278    
   18   1.18133572492101124       1.18133572492101124    
   19   1.17727513321499622       1.17727513321499622    
   20   1.17303094742195269       1.17303094742195269    
   21   1.16860445578186622       1.16860445578186622    
   22   1.16401212451788760       1.16401212451788760    
   23   1.15926409923141649       1.15926409923141649    
   24   1.15436427847931689       1.15436427847931689    
   25   1.14932749403476020       1.14932749403476020    
   26   1.14416426501639168       1.14416426501639168    
   27   1.13888069662182967       1.13888069662182967    
   28   1.13348975987149458       1.13348975987149458    
   29   1.12800201384934251       1.12800201384934251    
   30   1.12242530654699868       1.12242530654699868    
   31   1.11677064228236222       1.11677064228236222    
   32   1.11104832539251630       1.11104832539251630    
   33   1.10526746023718081       1.10526746023718081    
   34   1.09943708422884456       1.09943708422884456    
   35   1.09356700123205708       1.09356700123205708    
   36   1.08766709765250580       1.08766709765250580    
   37   1.08174452821171263       1.08174452821171263    
   38   1.07580840469775629       1.07580840469775629    
   39   1.06986896244761698       1.06986896244761698    
   40   1.06393161748095233       1.06393161748095233    
   41   1.05800465274647970       1.05800465274647970    
   42   1.05209828245113979       1.05209828245113979    
   43   1.04621636290236641       1.04621636290236641    
   44   1.04036626348829020       1.04036626348829020    
   45   1.03455788417005756       1.03455788417005756    
   46   1.02879371320791879       1.02879371320791879    
   47   1.02308016844161509       1.02308016844161509    
   48   1.01742662551683716       1.01742662551683716    
   49   1.01183439088531957       1.01183439088531957    
   50   1.00630893274126221       1.00630893274126221    
   51   1.00085897452693184       1.00085897452693184    
   52  0.995484808742378879      0.995484808742378879    
   53  0.990190988194701971      0.990190988194701971    
   54  0.984985531859580155      0.984985531859580155    
   55  0.979867860103454835      0.979867860103454835    
   56  0.974841669395659194      0.974841669395659194    
   57  0.969914286862486597      0.969914286862486597    
   58  0.965084373701206144      0.965084373701206144    
   59  0.960354846763364245      0.960354846763364245    
   60  0.955732405443459054      0.955732405443459054    
   61  0.951215037040611278      0.951215037040611278    
   62  0.946804966805366077      0.946804966805366077    
   63  0.942508367456024510      0.942508367456024510    
   64  0.938322614026678603      0.938322614026678603    
   65  0.934249334012593136      0.934249334012593136    
   66  0.930294296956944211      0.930294296956944211    
   67  0.926454309452691804      0.926454309452691804    
   68  0.922730496403279421      0.922730496403279421    
   69  0.919128356692556436      0.919128356692556436    
   70  0.915644161053763228      0.915644161053763228    
   71  0.912278624698679264      0.912278624698679264    
   72  0.909037105723201067      0.909037105723201067    
   73  0.905915366780018050      0.905915366780018050    
   74  0.902913801298178775      0.902913801298178775    
   75  0.900037744361175118      0.900037744361175118    
   76  0.897282479178790116      0.897282479178790116    
   77  0.894648158333494092      0.894648158333494092    
   78  0.892140192525372577      0.892140192525372577    
   79  0.889753419463143569      0.889753419463143569    
   80  0.887487823489917949      0.887487823489917949    
   81  0.885348965748242289      0.885348965748242289    
   82  0.883331280685830222      0.883331280685830222    
   83  0.881434647829799411      0.881434647829799411    
   84  0.879664827369058711      0.879664827369058711    
   85  0.878015902499196477      0.878015902499196477    
   86  0.876487701697374666      0.876487701697374666    
   87  0.875086206142090872      0.875086206142090872    
   88  0.873805209555366225      0.873805209555366225    
   89  0.872644533270979683      0.872644533270979683    
   90  0.871610375965347850      0.871610375965347850    
   91  0.870696312106754355      0.870696312106754355    
   92  0.869902189904873113      0.869902189904873113    
   93  0.869234399158615778      0.869234399158615778    
   94  0.868686371280324221      0.868686371280324221    
   95  0.868258005552510204      0.868258005552510204    
   96  0.867955837175830247      0.867955837175830247    
   97  0.867773233308019143      0.867773233308019143    
   98   0.00000000000000000       0.00000000000000000    
   99   0.00000000000000000       0.00000000000000000    
  100   0.00000000000000000       0.00000000000000000    
  101   0.00000000000000000       0.00000000000000000    
  102   0.00000000000000000       0.00000000000000000    
  103   0.00000000000000000       0.00000000000000000    
  104   0.00000000000000000       0.00000000000000000    
  105   0.00000000000000000       0.00000000000000000    
  106   0.00000000000000000       0.00000000000000000    
  107   0.00000000000000000       0.00000000000000000    
  108   0.00000000000000000       0.00000000000000000    
  109   0.00000000000000000       0.00000000000000000    
  110   0.00000000000000000       0.00000000000000000    
  111   0.00000000000000000       0.00000000000000000    
  112   0.00000000000000000       0.00000000000000000    
  113   0.00000000000000000       0.00000000000000000    
  114   0.00000000000000000       0.00000000000000000    
  115   0.00000000000000000       0.00000000000000000    
  116   0.00000000000000000       0.00000000000000000    
  117   0.00000000000000000       0.00000000000000000    
  118   0.00000000000000000       0.00000000000000000    
  119   0.00000000000000000       0.00000000000000000    
  120   0.00000000000000000       0.00000000000000000    
  121   0.00000000000000000       0.00000000000000000    
  122   0.00000000000000000       0.00000000000000000    
  123   0.00000000000000000       0.00000000000000000    
  124   0.00000000000000000       0.00000000000000000    
  125   0.00000000000000000       0.00000000000000000    
  126   0.00000000000000000       0.00000000000000000    
  127   0.00000000000000000       0.00000000000000000    
  128   0.00000000000000000       0.00000000000000000    
  129   0.00000000000000000       0.00000000000000000    
  130   0.00000000000000000       0.00000000000000000    
  131   0.00000000000000000       0.00000000000000000    
  132   0.00000000000000000       0.00000000000000000    
  133   0.00000000000000000       0.00000000000000000    
  134   0.00000000000000000       0.00000000000000000    
  135   0.00000000000000000       0.00000000000000000    
  136   0.00000000000000000       0.00000000000000000    
  137   0.00000000000000000       0.00000000000000000    
  138   0.00000000000000000       0.00000000000000000    
  139   0.00000000000000000       0.00000000000000000    
  140   0.00000000000000000       0.00000000000000000    
  141   0.00000000000000000       0.00000000000000000    
  142   0.00000000000000000       0.00000000000000000    
  143   0.00000000000000000       0.00000000000000000    
  144   0.00000000000000000       0.00000000000000000    
  145   0.00000000000000000       0.00000000000000000    
  146   0.00000000000000000       0.00000000000000000    
  147   0.00000000000000000       0.00000000000000000    
  148   0.00000000000000000       0.00000000000000000    
  149   0.00000000000000000       0.00000000000000000    
  150   0.00000000000000000       0.00000000000000000    
  151   0.00000000000000000       0.00000000000000000    
  152   0.00000000000000000       0.00000000000000000    
  153   0.00000000000000000       0.00000000000000000    
  154   0.00000000000000000       0.00000000000000000    
  155   0.00000000000000000       0.00000000000000000    
  156   0.00000000000000000       0.00000000000000000    
  157   0.00000000000000000       0.00000000000000000    
  158   0.00000000000000000       0.00000000000000000    
  159   0.00000000000000000       0.00000000000000000    
  160   0.00000000000000000       0.00000000000000000    
  161   0.00000000000000000       0.00000000000000000    
  162   0.00000000000000000       0.00000000000000000    
  163   0.00000000000000000       0.00000000000000000    
  164   0.00000000000000000       0.00000000000000000    
  165   0.00000000000000000       0.00000000000000000    
  166   0.00000000000000000       0.00000000000000000    
  167   0.00000000000000000       0.00000000000000000    
  168   0.00000000000000000       0.00000000000000000    
  169   0.00000000000000000       0.00000000000000000    
  170   0.00000000000000000       0.00000000000000000    
  171   0.00000000000000000       0.00000000000000000    
  172   0.00000000000000000       0.00000000000000000    
  173   0.00000000000000000       0.00000000000000000    
  174   0.00000000000000000       0.00000000000000000    
  175   0.00000000000000000       0.00000000000000000    
  176   0.00000000000000000       0.00000000000000000    
  177   0.00000000000000000       0.00000000000000000    
  178   0.00000000000000000       0.00000000000000000    
  179   0.00000000000000000       0.00000000000000000    
  180   0.00000000000000000       0.00000000000000000    
  181   0.00000000000000000       0.00000000000000000    
  182   0.00000000000000000       0.00000000000000000    
  183   0.00000000000000000       0.00000000000000000    
  184   0.00000000000000000       0.00000000000000000    
  185   0.00000000000000000       0.00000000000000000    
  186   0.00000000000000000       0.00000000000000000    
  187   0.00000000000000000       0.00000000000000000    
  188   0.00000000000000000       0.00000000000000000    
  189   0.00000000000000000       0.00000000000000000    
  190   0.00000000000000000       0.00000000000000000    
  191   0.00000000000000000       0.00000000000000000    
  192   0.00000000000000000       0.00000000000000000    
#gg4start - essentialstart
           1 T
           2 T
           3 F
           4 F
           5 F
           6 F
           7 F
           8 F
           9 F
          10 F
          11 F
          12 F
          13 F
          14 F
          15 F
          16 F
          17 F
          18 F
          19 F
          20 F
          21 F
          22 F
          23 F
          24 F
          25 F
          26 F
          27 F
          28 F
          29 F
          30 F
          31 F
          32 F
          33 F
          34 F
          35 F
          36 F
          37 F
          38 F
          39 F
          40 F
          41 F
          42 F
          43 F
          44 F
          45 F
          46 F
          47 F
          48 F
          49 F
          50 F
          51 F
          52 F
          53 F
          54 F
          55 F
          56 F
          57 F
          58 F
          59 F
          60 F
          61 F
          62 F
          63 F
          64 F
          65 F
          66 F
          67 F
          68 F
          69 F
          70 F
          71 F
          72 F
          73 F
          74 F
          75 F
          76 F
          77 F
          78 F
          79 F
          80 F
          81 F
          82 F
          83 F
          84 F
          85 F
          86 F
          87 F
          88 F
          89 F
          90 F
          91 F
          92 F
          93 F
          94 F
          95 F
          96 F
          97 F
          98 F
          99 F
         100 F
         101 F
         102 F
         103 F
         104 F
         105 F
         106 F
         107 F
         108 F
         109 F
         110 F
         111 F
         112 F
         113 F
         114 F
         115 F
         116 F
         117 F
         118 F
         119 F
         120 F
         121 F
         122 F
         123 F
         124 F
         125 F
         126 F
         127 F
         128 F
         129 F
         130 F
         131 F
         132 F
         133 F
         134 F
         135 F
         136 F
         137 F
         138 F
         139 F
         140 F
         141 F
         142 F
         143 F
         144 F
         145 F
         146 F
         147 F
         148 F
         149 F
         150 F
         151 F
         152 F
         153 F
         154 F
         155 F
         156 F
         157 F
         158 F
         159 F
         160 F
         161 F
         162 F
         163 F
         164 F
         165 F
         166 F
         167 F
         168 F
         169 F
         170 F
         171 F
         172 F
         173 F
         174 F
         175 F
         176 F
         177 F
         178 F
         179 F
         180 F
         181 F
         182 F
         183 F
         184 F
         185 F
         186 F
         187 F
         188 F
         189 F
         190 F
         191 F
         192 F
# gg4collect - bmagset bmagset
    1   1.21479422228103373       1.21479422228103373    
    2  0.867710158772166729      0.867710158772166729    
    3   1.21465131618214506       1.21465131618214506    
    4   1.21423831721032016       1.21423831721032016    
    5   1.21355630678718440       1.21355630678718440    
    6   1.21259179343709023       1.21259179343709023    
    7   1.21136216518378070       1.21136216518378070    
    8   1.20987061561023079       1.20987061561023079    
    9   1.20810632760590475       1.20810632760590475    
   10   1.20608772762719418       1.20608772762719418    
   11   1.20381997367277505       1.20381997367277505    
   12   1.20129522556172175       1.20129522556172175    
   13   1.19853229380372261       1.19853229380372261    
   14   1.19553806832379017       1.19553806832379017    
   15   1.19230782666528756       1.19230782666528756    
   16   1.18886013197854234       1.18886013197854234    
   17   1.18520330759643278       1.18520330759643278    
   18   1.18133572492101124       1.18133572492101124    
   19   1.17727513321499622       1.17727513321499622    
   20   1.17303094742195269       1.17303094742195269    
   21   1.16860445578186622       1.16860445578186622    
   22   1.16401212451788760       1.16401212451788760    
   23   1.15926409923141649       1.15926409923141649    
   24   1.15436427847931689       1.15436427847931689    
   25   1.14932749403476020       1.14932749403476020    
   26   1.14416426501639168       1.14416426501639168    
   27   1.13888069662182967       1.13888069662182967    
   28   1.13348975987149458       1.13348975987149458    
   29   1.12800201384934251       1.12800201384934251    
   30   1.12242530654699868       1.12242530654699868    
   31   1.11677064228236222       1.11677064228236222    
   32   1.11104832539251630       1.11104832539251630    
   33   1.10526746023718081       1.10526746023718081    
   34   1.09943708422884456       1.09943708422884456    
   35   1.09356700123205708       1.09356700123205708    
   36   1.08766709765250580       1.08766709765250580    
   37   1.08174452821171263       1.08174452821171263    
   38   1.07580840469775629       1.07580840469775629    
   39   1.06986896244761698       1.06986896244761698    
   40   1.06393161748095233       1.06393161748095233    
   41   1.05800465274647970       1.05800465274647970    
   42   1.05209828245113979       1.05209828245113979    
   43   1.04621636290236641       1.04621636290236641    
   44   1.04036626348829020       1.04036626348829020    
   45   1.03455788417005756       1.03455788417005756    
   46   1.02879371320791879       1.02879371320791879    
   47   1.02308016844161509       1.02308016844161509    
   48   1.01742662551683716       1.01742662551683716    
   49   1.01183439088531957       1.01183439088531957    
   50   1.00630893274126221       1.00630893274126221    
   51   1.00085897452693184       1.00085897452693184    
   52  0.995484808742378879      0.995484808742378879    
   53  0.990190988194701971      0.990190988194701971    
   54  0.984985531859580155      0.984985531859580155    
   55  0.979867860103454835      0.979867860103454835    
   56  0.974841669395659194      0.974841669395659194    
   57  0.969914286862486597      0.969914286862486597    
   58  0.965084373701206144      0.965084373701206144    
   59  0.960354846763364245      0.960354846763364245    
   60  0.955732405443459054      0.955732405443459054    
   61  0.951215037040611278      0.951215037040611278    
   62  0.946804966805366077      0.946804966805366077    
   63  0.942508367456024510      0.942508367456024510    
   64  0.938322614026678603      0.938322614026678603    
   65  0.934249334012593136      0.934249334012593136    
   66  0.930294296956944211      0.930294296956944211    
   67  0.926454309452691804      0.926454309452691804    
   68  0.922730496403279421      0.922730496403279421    
   69  0.919128356692556436      0.919128356692556436    
   70  0.915644161053763228      0.915644161053763228    
   71  0.912278624698679264      0.912278624698679264    
   72  0.909037105723201067      0.909037105723201067    
   73  0.905915366780018050      0.905915366780018050    
   74  0.902913801298178775      0.902913801298178775    
   75  0.900037744361175118      0.900037744361175118    
   76  0.897282479178790116      0.897282479178790116    
   77  0.894648158333494092      0.894648158333494092    
   78  0.892140192525372577      0.892140192525372577    
   79  0.889753419463143569      0.889753419463143569    
   80  0.887487823489917949      0.887487823489917949    
   81  0.885348965748242289      0.885348965748242289    
   82  0.883331280685830222      0.883331280685830222    
   83  0.881434647829799411      0.881434647829799411    
   84  0.879664827369058711      0.879664827369058711    
   85  0.878015902499196477      0.878015902499196477    
   86  0.876487701697374666      0.876487701697374666    
   87  0.875086206142090872      0.875086206142090872    
   88  0.873805209555366225      0.873805209555366225    
   89  0.872644533270979683      0.872644533270979683    
   90  0.871610375965347850      0.871610375965347850    
   91  0.870696312106754355      0.870696312106754355    
   92  0.869902189904873113      0.869902189904873113    
   93  0.869234399158615778      0.869234399158615778    
   94  0.868686371280324221      0.868686371280324221    
   95  0.868258005552510204      0.868258005552510204    
   96  0.867955837175830247      0.867955837175830247    
   97  0.867773233308019143      0.867773233308019143    
   98   0.00000000000000000       0.00000000000000000    
   99   0.00000000000000000       0.00000000000000000    
  100   0.00000000000000000       0.00000000000000000    
  101   0.00000000000000000       0.00000000000000000    
  102   0.00000000000000000       0.00000000000000000    
  103   0.00000000000000000       0.00000000000000000    
  104   0.00000000000000000       0.00000000000000000    
  105   0.00000000000000000       0.00000000000000000    
  106   0.00000000000000000       0.00000000000000000    
  107   0.00000000000000000       0.00000000000000000    
  108   0.00000000000000000       0.00000000000000000    
  109   0.00000000000000000       0.00000000000000000    
  110   0.00000000000000000       0.00000000000000000    
  111   0.00000000000000000       0.00000000000000000    
  112   0.00000000000000000       0.00000000000000000    
  113   0.00000000000000000       0.00000000000000000    
  114   0.00000000000000000       0.00000000000000000    
  115   0.00000000000000000       0.00000000000000000    
  116   0.00000000000000000       0.00000000000000000    
  117   0.00000000000000000       0.00000000000000000    
  118   0.00000000000000000       0.00000000000000000    
  119   0.00000000000000000       0.00000000000000000    
  120   0.00000000000000000       0.00000000000000000    
  121   0.00000000000000000       0.00000000000000000    
  122   0.00000000000000000       0.00000000000000000    
  123   0.00000000000000000       0.00000000000000000    
  124   0.00000000000000000       0.00000000000000000    
  125   0.00000000000000000       0.00000000000000000    
  126   0.00000000000000000       0.00000000000000000    
  127   0.00000000000000000       0.00000000000000000    
  128   0.00000000000000000       0.00000000000000000    
  129   0.00000000000000000       0.00000000000000000    
  130   0.00000000000000000       0.00000000000000000    
  131   0.00000000000000000       0.00000000000000000    
  132   0.00000000000000000       0.00000000000000000    
  133   0.00000000000000000       0.00000000000000000    
  134   0.00000000000000000       0.00000000000000000    
  135   0.00000000000000000       0.00000000000000000    
  136   0.00000000000000000       0.00000000000000000    
  137   0.00000000000000000       0.00000000000000000    
  138   0.00000000000000000       0.00000000000000000    
  139   0.00000000000000000       0.00000000000000000    
  140   0.00000000000000000       0.00000000000000000    
  141   0.00000000000000000       0.00000000000000000    
  142   0.00000000000000000       0.00000000000000000    
  143   0.00000000000000000       0.00000000000000000    
  144   0.00000000000000000       0.00000000000000000    
  145   0.00000000000000000       0.00000000000000000    
  146   0.00000000000000000       0.00000000000000000    
  147   0.00000000000000000       0.00000000000000000    
  148   0.00000000000000000       0.00000000000000000    
  149   0.00000000000000000       0.00000000000000000    
  150   0.00000000000000000       0.00000000000000000    
  151   0.00000000000000000       0.00000000000000000    
  152   0.00000000000000000       0.00000000000000000    
  153   0.00000000000000000       0.00000000000000000    
  154   0.00000000000000000       0.00000000000000000    
  155   0.00000000000000000       0.00000000000000000    
  156   0.00000000000000000       0.00000000000000000    
  157   0.00000000000000000       0.00000000000000000    
  158   0.00000000000000000       0.00000000000000000    
  159   0.00000000000000000       0.00000000000000000    
  160   0.00000000000000000       0.00000000000000000    
  161   0.00000000000000000       0.00000000000000000    
  162   0.00000000000000000       0.00000000000000000    
  163   0.00000000000000000       0.00000000000000000    
  164   0.00000000000000000       0.00000000000000000    
  165   0.00000000000000000       0.00000000000000000    
  166   0.00000000000000000       0.00000000000000000    
  167   0.00000000000000000       0.00000000000000000    
  168   0.00000000000000000       0.00000000000000000    
  169   0.00000000000000000       0.00000000000000000    
  170   0.00000000000000000       0.00000000000000000    
  171   0.00000000000000000       0.00000000000000000    
  172   0.00000000000000000       0.00000000000000000    
  173   0.00000000000000000       0.00000000000000000    
  174   0.00000000000000000       0.00000000000000000    
  175   0.00000000000000000       0.00000000000000000    
  176   0.00000000000000000       0.00000000000000000    
  177   0.00000000000000000       0.00000000000000000    
  178   0.00000000000000000       0.00000000000000000    
  179   0.00000000000000000       0.00000000000000000    
  180   0.00000000000000000       0.00000000000000000    
  181   0.00000000000000000       0.00000000000000000    
  182   0.00000000000000000       0.00000000000000000    
  183   0.00000000000000000       0.00000000000000000    
  184   0.00000000000000000       0.00000000000000000    
  185   0.00000000000000000       0.00000000000000000    
  186   0.00000000000000000       0.00000000000000000    
  187   0.00000000000000000       0.00000000000000000    
  188   0.00000000000000000       0.00000000000000000    
  189   0.00000000000000000       0.00000000000000000    
  190   0.00000000000000000       0.00000000000000000    
  191   0.00000000000000000       0.00000000000000000    
  192   0.00000000000000000       0.00000000000000000    
# gg4collect - thetasetset ibmagsetset icollsetset
    1  -3.14159265358979312        1          2
    2 -0.158561808194073772E-15    2          2
    3  -3.10877115199489085        3          2
    4   3.10877115199425136        3       3222
    5  -3.07594965039998858        4          2
    6   3.07594965039964352        4       3222
    7  -3.04312814880508631        5          2
    8   3.04312814880508631        5        331
    9  -3.01031035071808217        6          2
   10   3.01031035071807818        6       3222
   11  -2.97749255263107804        7          2
   12   2.97749255263108203        7       3222
   13  -2.94467475454407390        8          2
   14   2.94467475454407390        8        331
   15  -2.91186422235173792        9          2
   16   2.91186422235173836        9       3222
   17  -2.87905369015940193       10          2
   18   2.87905369015939971       10       3222
   19  -2.84624315796706595       11          2
   20   2.84624315796706640       11        331
   21  -2.81344317705585478       12          2
   22   2.81344317705585478       12       3222
   23  -2.78064319614464406       13          2
   24   2.78064319614464495       13       3222
   25  -2.74784321523343289       14          2
   26   2.74784321523343333       14        331
   27  -2.71505666841974902       15          2
   28   2.71505666841974858       15       3222
   29  -2.68227012160606471       16          2
   30   2.68227012160606559       16       3222
   31  -2.64948357479238084       17          2
   32   2.64948357479238128       17        331
   33  -2.61671283178360303       18          2
   34   2.61671283178360392       18       3222
   35  -2.58394208877482479       19          2
   36   2.58394208877482523       19       3222
   37  -2.55117134576604698       20          2
   38   2.55117134576604698       20        331
   39  -2.51841817186197492       21          2
   40   2.51841817186197359       21       3222
   41  -2.48566499795790241       22          2
   42   2.48566499795790286       22       3222
   43  -2.45291182405383035       23          2
   44   2.45291182405383035       23        331
   45  -2.42017731163072858       24          2
   46   2.42017731163072902       24       3222
   47  -2.38744279920762725       25          2
   48   2.38744279920762814       25       3222
   49  -2.35470828678452548       26          2
   50   2.35470828678452548       26        331
   51  -2.32199281229586152       27          2
   52   2.32199281229586241       27       3222
   53  -2.28927733780719755       28          2
   54   2.28927733780719800       28       3222
   55  -2.25656186331853359       29          2
   56   2.25656186331853359       29        331
   57  -2.22386507161862657       30          2
   58   2.22386507161862568       30       3222
   59  -2.19116827991871910       31          2
   60   2.19116827991871821       31       3222
   61  -2.15847148821881207       32          2
   62   2.15847148821881207       32        331
   63  -2.12579230499536509       33          2
   64   2.12579230499536509       33       3222
   65  -2.09311312177191766       34          2
   66   2.09311312177191722       34       3222
   67  -2.06043393854847068       35          2
   68   2.06043393854847112       35        331
   69  -2.02777061057177921       36          2
   70   2.02777061057177965       36       3222
   71  -1.99510728259508796       37          2
   72   1.99510728259508774       37       3222
   73  -1.96244395461839649       38          2
   74   1.96244395461839694       38        331
   75  -1.92979411641971033       39          2
   76   1.92979411641970966       39       3222
   77  -1.89714427822102416       40          2
   78   1.89714427822102394       40       3222
   79  -1.86449444002233800       41          2
   80   1.86449444002233800       41        331
   81  -1.83185520454703665       42          2
   82   1.83185520454703643       42       3222
   83  -1.79921596907173553       43          2
   84   1.79921596907173642       43       3222
   85  -1.76657673359643419       44          2
   86   1.76657673359643419       44        331
   87  -1.73394480338812973       45          2
   88   1.73394480338812951       45       3222
   89  -1.70131287317982527       46          2
   90   1.70131287317982505       46       3222
   91  -1.66868094297152081       47          2
   92   1.66868094297152036       47        331
   93  -1.63605273757931280       48          2
   94   1.63605273757931124       48       3222
   95  -1.60342453218710479       49          2
   96   1.60342453218710412       49       3222
   97  -1.57079632679489678       50          2
   98   1.57079632679489634       50        331
   99  -1.53816812140268877       51          2
  100   1.53816812140268899       51       3222
  101  -1.50553991601048054       52          2
  102   1.50553991601048098       52       3222
  103  -1.47291171061827253       53          2
  104   1.47291171061827342       53        331
  105  -1.44027978040996807       54          2
  106   1.44027978040996785       54       3222
  107  -1.40764785020166361       55          2
  108   1.40764785020166405       55       3222
  109  -1.37501591999335915       56          2
  110   1.37501591999335937       56        331
  111  -1.34237668451805781       57          2
  112   1.34237668451805647       57       3222
  113  -1.30973744904275669       58          2
  114   1.30973744904275735       58       3222
  115  -1.27709821356745534       59          2
  116   1.27709821356745579       59       3222
  117  -1.24444837536876918       60          2
  118   1.24444837536876918       60       3222
  119  -1.21179853717008323       61          2
  120   1.21179853717008279       61       3222
  121  -1.17914869897139707       62          2
  122   1.17914869897139618       62        331
  123  -1.14648537099470560       63          2
  124   1.14648537099470449       63       3222
  125  -1.11382204301801435       64          2
  126   1.11382204301801413       64       3222
  127  -1.08115871504132288       65          2
  128   1.08115871504132288       65        331
  129  -1.04847953181787545       66          2
  130   1.04847953181787634       66       3222
  131  -1.01580034859442825       67          2
  132   1.01580034859442847       67       3222
  133 -0.983121165370980932       68          2
  134  0.983121165370981376       68        331
  135 -0.950424373671073797       69          2
  136  0.950424373671074241       69       3222
  137 -0.917727581971166662       70          2
  138  0.917727581971167217       70       3222
  139 -0.885030790271259526       71          2
  140  0.885030790271260193       71        331
  141 -0.852315315782595673       72          2
  142  0.852315315782596450       72       3222
  143 -0.819599841293931819       73          2
  144  0.819599841293932041       73       3222
  145 -0.786884366805267965       74          2
  146  0.786884366805268187       74        331
  147 -0.754149854382166307       75          2
  148  0.754149854382165974       75       3222
  149 -0.721415341959064760       76          2
  150  0.721415341959064094       76       3222
  151 -0.688680829535963102       77          2
  152  0.688680829535961880       77       3222
  153 -0.655927655631890927       78          2
  154  0.655927655631889817       78       3222
  155 -0.623174481727818752       79          2
  156  0.623174481727819307       79       3222
  157 -0.590421307823746577       80          2
  158  0.590421307823746244       80        331
  159 -0.557650564814968441       81          2
  160  0.557650564814970107       81       3222
  161 -0.524879821806190305       82          2
  162  0.524879821806189972       82       3222
  163 -0.492109078797412169       83          2
  164  0.492109078797415167       83       3222
  165 -0.459322531983728188       84          2
  166  0.459322531983730187       84       3222
  167 -0.426535985170044207       85          2
  168  0.426535985170048093       85       3222
  169 -0.393749438356360226       86          2
  170  0.393749438356360393       86        331
  171 -0.360949457445149224       87          2
  172  0.360949457445151056       87       3222
  173 -0.328149476533938222       88          2
  174  0.328149476533936224       88       3222
  175 -0.295349495622727221       89          2
  176  0.295349495622726888       89        331
  177 -0.262538963430391292       90          2
  178  0.262538963430392736       90       3222
  179 -0.229728431238055308       91          2
  180  0.229728431238053088       91       3222
  181 -0.196917899045719352       92          2
  182  0.196917899045713440       92       3222
  183 -0.164100100958715134       93          2
  184  0.164100100958711137       93       3222
  185 -0.131282302871710943       94          2
  186  0.131282302871714329       94       3222
  187 -0.984645047847067245E-01   95          2
  188  0.984645047847064053E-01   95        331
  189 -0.656430031898045385E-01   96          2
  190  0.656430031897892452E-01   96       3222
  191 -0.328215015949023386E-01   97          2
  192  0.328215015948721545E-01   97       3222
#gg4sort - thetasetset ithetasort ithetasort
    1  -3.14159265358979312        1          1
    2 -0.158561808194073772E-15    3          3
    3  -3.10877115199489085        5          5
    4   3.10877115199425136        7          7
    5  -3.07594965039998858        9          9
    6   3.07594965039964352       11         11
    7  -3.04312814880508631       13         13
    8   3.04312814880508631       15         15
    9  -3.01031035071808217       17         17
   10   3.01031035071807818       19         19
   11  -2.97749255263107804       21         21
   12   2.97749255263108203       23         23
   13  -2.94467475454407390       25         25
   14   2.94467475454407390       27         27
   15  -2.91186422235173792       29         29
   16   2.91186422235173836       31         31
   17  -2.87905369015940193       33         33
   18   2.87905369015939971       35         35
   19  -2.84624315796706595       37         37
   20   2.84624315796706640       39         39
   21  -2.81344317705585478       41         41
   22   2.81344317705585478       43         43
   23  -2.78064319614464406       45         45
   24   2.78064319614464495       47         47
   25  -2.74784321523343289       49         49
   26   2.74784321523343333       51         51
   27  -2.71505666841974902       53         53
   28   2.71505666841974858       55         55
   29  -2.68227012160606471       57         57
   30   2.68227012160606559       59         59
   31  -2.64948357479238084       61         61
   32   2.64948357479238128       63         63
   33  -2.61671283178360303       65         65
   34   2.61671283178360392       67         67
   35  -2.58394208877482479       69         69
   36   2.58394208877482523       71         71
   37  -2.55117134576604698       73         73
   38   2.55117134576604698       75         75
   39  -2.51841817186197492       77         77
   40   2.51841817186197359       79         79
   41  -2.48566499795790241       81         81
   42   2.48566499795790286       83         83
   43  -2.45291182405383035       85         85
   44   2.45291182405383035       87         87
   45  -2.42017731163072858       89         89
   46   2.42017731163072902       91         91
   47  -2.38744279920762725       93         93
   48   2.38744279920762814       95         95
   49  -2.35470828678452548       97         97
   50   2.35470828678452548       99         99
   51  -2.32199281229586152      101        101
   52   2.32199281229586241      103        103
   53  -2.28927733780719755      105        105
   54   2.28927733780719800      107        107
   55  -2.25656186331853359      109        109
   56   2.25656186331853359      111        111
   57  -2.22386507161862657      113        113
   58   2.22386507161862568      115        115
   59  -2.19116827991871910      117        117
   60   2.19116827991871821      119        119
   61  -2.15847148821881207      121        121
   62   2.15847148821881207      123        123
   63  -2.12579230499536509      125        125
   64   2.12579230499536509      127        127
   65  -2.09311312177191766      129        129
   66   2.09311312177191722      131        131
   67  -2.06043393854847068      133        133
   68   2.06043393854847112      135        135
   69  -2.02777061057177921      137        137
   70   2.02777061057177965      139        139
   71  -1.99510728259508796      141        141
   72   1.99510728259508774      143        143
   73  -1.96244395461839649      145        145
   74   1.96244395461839694      147        147
   75  -1.92979411641971033      149        149
   76   1.92979411641970966      151        151
   77  -1.89714427822102416      153        153
   78   1.89714427822102394      155        155
   79  -1.86449444002233800      157        157
   80   1.86449444002233800      159        159
   81  -1.83185520454703665      161        161
   82   1.83185520454703643      163        163
   83  -1.79921596907173553      165        165
   84   1.79921596907173642      167        167
   85  -1.76657673359643419      169        169
   86   1.76657673359643419      171        171
   87  -1.73394480338812973      173        173
   88   1.73394480338812951      175        175
   89  -1.70131287317982527      177        177
   90   1.70131287317982505      179        179
   91  -1.66868094297152081      181        181
   92   1.66868094297152036      183        183
   93  -1.63605273757931280      185        185
   94   1.63605273757931124      187        187
   95  -1.60342453218710479      189        189
   96   1.60342453218710412      191        191
   97  -1.57079632679489678        2          2
   98   1.57079632679489634      192        192
   99  -1.53816812140268877      190        190
  100   1.53816812140268899      188        188
  101  -1.50553991601048054      186        186
  102   1.50553991601048098      184        184
  103  -1.47291171061827253      182        182
  104   1.47291171061827342      180        180
  105  -1.44027978040996807      178        178
  106   1.44027978040996785      176        176
  107  -1.40764785020166361      174        174
  108   1.40764785020166405      172        172
  109  -1.37501591999335915      170        170
  110   1.37501591999335937      168        168
  111  -1.34237668451805781      166        166
  112   1.34237668451805647      164        164
  113  -1.30973744904275669      162        162
  114   1.30973744904275735      160        160
  115  -1.27709821356745534      158        158
  116   1.27709821356745579      156        156
  117  -1.24444837536876918      154        154
  118   1.24444837536876918      152        152
  119  -1.21179853717008323      150        150
  120   1.21179853717008279      148        148
  121  -1.17914869897139707      146        146
  122   1.17914869897139618      144        144
  123  -1.14648537099470560      142        142
  124   1.14648537099470449      140        140
  125  -1.11382204301801435      138        138
  126   1.11382204301801413      136        136
  127  -1.08115871504132288      134        134
  128   1.08115871504132288      132        132
  129  -1.04847953181787545      130        130
  130   1.04847953181787634      128        128
  131  -1.01580034859442825      126        126
  132   1.01580034859442847      124        124
  133 -0.983121165370980932      122        122
  134  0.983121165370981376      120        120
  135 -0.950424373671073797      118        118
  136  0.950424373671074241      116        116
  137 -0.917727581971166662      114        114
  138  0.917727581971167217      112        112
  139 -0.885030790271259526      110        110
  140  0.885030790271260193      108        108
  141 -0.852315315782595673      106        106
  142  0.852315315782596450      104        104
  143 -0.819599841293931819      102        102
  144  0.819599841293932041      100        100
  145 -0.786884366805267965       98         98
  146  0.786884366805268187       96         96
  147 -0.754149854382166307       94         94
  148  0.754149854382165974       92         92
  149 -0.721415341959064760       90         90
  150  0.721415341959064094       88         88
  151 -0.688680829535963102       86         86
  152  0.688680829535961880       84         84
  153 -0.655927655631890927       82         82
  154  0.655927655631889817       80         80
  155 -0.623174481727818752       78         78
  156  0.623174481727819307       76         76
  157 -0.590421307823746577       74         74
  158  0.590421307823746244       72         72
  159 -0.557650564814968441       70         70
  160  0.557650564814970107       68         68
  161 -0.524879821806190305       66         66
  162  0.524879821806189972       64         64
  163 -0.492109078797412169       62         62
  164  0.492109078797415167       60         60
  165 -0.459322531983728188       58         58
  166  0.459322531983730187       56         56
  167 -0.426535985170044207       54         54
  168  0.426535985170048093       52         52
  169 -0.393749438356360226       50         50
  170  0.393749438356360393       48         48
  171 -0.360949457445149224       46         46
  172  0.360949457445151056       44         44
  173 -0.328149476533938222       42         42
  174  0.328149476533936224       40         40
  175 -0.295349495622727221       38         38
  176  0.295349495622726888       36         36
  177 -0.262538963430391292       34         34
  178  0.262538963430392736       32         32
  179 -0.229728431238055308       30         30
  180  0.229728431238053088       28         28
  181 -0.196917899045719352       26         26
  182  0.196917899045713440       24         24
  183 -0.164100100958715134       22         22
  184  0.164100100958711137       20         20
  185 -0.131282302871710943       18         18
  186  0.131282302871714329       16         16
  187 -0.984645047847067245E-01   14         14
  188  0.984645047847064053E-01   12         12
  189 -0.656430031898045385E-01   10         10
  190  0.656430031897892452E-01    8          8
  191 -0.328215015949023386E-01    6          6
  192  0.328215015948721545E-01    4          4
#gg4sort - bmagset ibmagsort ibmagsort
    1   1.21479422228103373      192        192
    2  0.867710158772166729      132        132
    3   1.21465131618214506      123        123
    4   1.21423831721032016      124        124
    5   1.21355630678718440      125        125
    6   1.21259179343709023      126        126
    7   1.21136216518378070      127        127
    8   1.20987061561023079      128        128
    9   1.20810632760590475      129        129
   10   1.20608772762719418      130        130
   11   1.20381997367277505      131        131
   12   1.20129522556172175      133        133
   13   1.19853229380372261      121        121
   14   1.19553806832379017      134        134
   15   1.19230782666528756      135        135
   16   1.18886013197854234      136        136
   17   1.18520330759643278      137        137
   18   1.18133572492101124      138        138
   19   1.17727513321499622      139        139
   20   1.17303094742195269      140        140
   21   1.16860445578186622      141        141
   22   1.16401212451788760      142        142
   23   1.15926409923141649      122        122
   24   1.15436427847931689      120        120
   25   1.14932749403476020      144        144
   26   1.14416426501639168      108        108
   27   1.13888069662182967       99         99
   28   1.13348975987149458      100        100
   29   1.12800201384934251      101        101
   30   1.12242530654699868      102        102
   31   1.11677064228236222      103        103
   32   1.11104832539251630      104        104
   33   1.10526746023718081      105        105
   34   1.09943708422884456      106        106
   35   1.09356700123205708      107        107
   36   1.08766709765250580      109        109
   37   1.08174452821171263      119        119
   38   1.07580840469775629      110        110
   39   1.06986896244761698      111        111
   40   1.06393161748095233      112        112
   41   1.05800465274647970      113        113
   42   1.05209828245113979      114        114
   43   1.04621636290236641      115        115
   44   1.04036626348829020      116        116
   45   1.03455788417005756      117        117
   46   1.02879371320791879      118        118
   47   1.02308016844161509      143        143
   48   1.01742662551683716      145        145
   49   1.01183439088531957       98         98
   50   1.00630893274126221      146        146
   51   1.00085897452693184      181        181
   52  0.995484808742378879      172        172
   53  0.990190988194701971      173        173
   54  0.984985531859580155      174        174
   55  0.979867860103454835      175        175
   56  0.974841669395659194      176        176
   57  0.969914286862486597      177        177
   58  0.965084373701206144      178        178
   59  0.960354846763364245      179        179
   60  0.955732405443459054      180        180
   61  0.951215037040611278      182        182
   62  0.946804966805366077      170        170
   63  0.942508367456024510      183        183
   64  0.938322614026678603      184        184
   65  0.934249334012593136      185        185
   66  0.930294296956944211      186        186
   67  0.926454309452691804      187        187
   68  0.922730496403279421      188        188
   69  0.919128356692556436      189        189
   70  0.915644161053763228      190        190
   71  0.912278624698679264      191        191
   72  0.909037105723201067      171        171
   73  0.905915366780018050      169        169
   74  0.902913801298178775      147        147
   75  0.900037744361175118      157        157
   76  0.897282479178790116      148        148
   77  0.894648158333494092      149        149
   78  0.892140192525372577      150        150
   79  0.889753419463143569      151        151
   80  0.887487823489917949      152        152
   81  0.885348965748242289      153        153
   82  0.883331280685830222      154        154
   83  0.881434647829799411      155        155
   84  0.879664827369058711      156        156
   85  0.878015902499196477      158        158
   86  0.876487701697374666      168        168
   87  0.875086206142090872      159        159
   88  0.873805209555366225      160        160
   89  0.872644533270979683      161        161
   90  0.871610375965347850      162        162
   91  0.870696312106754355      163        163
   92  0.869902189904873113      164        164
   93  0.869234399158615778      165        165
   94  0.868686371280324221      166        166
   95  0.868258005552510204      167        167
   96  0.867955837175830247        2          2
   97  0.867773233308019143       97         97
   98   0.00000000000000000       96         96
   99   0.00000000000000000       95         95
  100   0.00000000000000000       94         94
  101   0.00000000000000000       93         93
  102   0.00000000000000000       92         92
  103   0.00000000000000000       91         91
  104   0.00000000000000000       90         90
  105   0.00000000000000000       89         89
  106   0.00000000000000000       88         88
  107   0.00000000000000000       87         87
  108   0.00000000000000000       86         86
  109   0.00000000000000000       85         85
  110   0.00000000000000000       84         84
  111   0.00000000000000000       83         83
  112   0.00000000000000000       82         82
  113   0.00000000000000000       81         81
  114   0.00000000000000000       80         80
  115   0.00000000000000000       79         79
  116   0.00000000000000000       78         78
  117   0.00000000000000000       77         77
  118   0.00000000000000000       76         76
  119   0.00000000000000000       75         75
  120   0.00000000000000000       74         74
  121   0.00000000000000000       73         73
  122   0.00000000000000000       72         72
  123   0.00000000000000000       71         71
  124   0.00000000000000000       70         70
  125   0.00000000000000000       69         69
  126   0.00000000000000000       68         68
  127   0.00000000000000000       67         67
  128   0.00000000000000000       66         66
  129   0.00000000000000000       65         65
  130   0.00000000000000000       64         64
  131   0.00000000000000000       63         63
  132   0.00000000000000000       62         62
  133   0.00000000000000000       61         61
  134   0.00000000000000000       60         60
  135   0.00000000000000000       59         59
  136   0.00000000000000000       58         58
  137   0.00000000000000000       57         57
  138   0.00000000000000000       56         56
  139   0.00000000000000000       55         55
  140   0.00000000000000000       54         54
  141   0.00000000000000000       53         53
  142   0.00000000000000000       52         52
  143   0.00000000000000000       51         51
  144   0.00000000000000000       50         50
  145   0.00000000000000000       49         49
  146   0.00000000000000000       48         48
  147   0.00000000000000000       47         47
  148   0.00000000000000000       46         46
  149   0.00000000000000000       45         45
  150   0.00000000000000000       44         44
  151   0.00000000000000000       43         43
  152   0.00000000000000000       42         42
  153   0.00000000000000000       41         41
  154   0.00000000000000000       40         40
  155   0.00000000000000000       39         39
  156   0.00000000000000000       38         38
  157   0.00000000000000000       37         37
  158   0.00000000000000000       36         36
  159   0.00000000000000000       35         35
  160   0.00000000000000000       34         34
  161   0.00000000000000000       33         33
  162   0.00000000000000000       32         32
  163   0.00000000000000000       31         31
  164   0.00000000000000000       30         30
  165   0.00000000000000000       29         29
  166   0.00000000000000000       28         28
  167   0.00000000000000000       27         27
  168   0.00000000000000000       26         26
  169   0.00000000000000000       25         25
  170   0.00000000000000000       24         24
  171   0.00000000000000000       23         23
  172   0.00000000000000000       22         22
  173   0.00000000000000000       21         21
  174   0.00000000000000000       20         20
  175   0.00000000000000000       19         19
  176   0.00000000000000000       18         18
  177   0.00000000000000000       17         17
  178   0.00000000000000000       16         16
  179   0.00000000000000000       15         15
  180   0.00000000000000000       14         14
  181   0.00000000000000000       13         13
  182   0.00000000000000000       12         12
  183   0.00000000000000000       11         11
  184   0.00000000000000000       10         10
  185   0.00000000000000000        9          9
  186   0.00000000000000000        8          8
  187   0.00000000000000000        7          7
  188   0.00000000000000000        6          6
  189   0.00000000000000000        5          5
  190   0.00000000000000000        4          4
  191   0.00000000000000000        3          3
  192   0.00000000000000000        1          1
#gg4metrics - thetares alambdares
    1  0.200000000000000000E+21  0.236083901586210795E-03
    2  0.100000000000000000E+21  0.130053939309780005E-03
    3  0.164107507974511346E-01  0.182977366892003046E-03
    4  0.164107507973711986E-01  0.493735258955895601E-03
    5  0.164098248681940409E-01  0.533049129261006587E-03
    6  0.164088990435015680E-01  0.752718329984160750E-03
    7  0.164088990435015680E-01  0.109051764495410861E-02
    8  0.164070823687286309E-01  0.979834719278990492E-03
    9  0.164052660961682695E-01  0.123803013088738534E-02
   10  0.164052660961679919E-01  0.158084334650069941E-02
   11  0.164026278516803577E-01  0.136806520058295965E-02
   12  0.163999904556054177E-01  0.158992400554080430E-02
   13  0.163999904556054177E-01  0.201872618103439037E-02
   14  0.163966312432969122E-01  0.171982609872829489E-02
   15  0.163932734068419905E-01  0.194749970383623029E-02
   16  0.163932734068419350E-01  0.242073900167034993E-02
   17  0.163893215031650878E-01  0.204390891787799463E-02
   18  0.163853715043890125E-01  0.227781542175066638E-02
   19  0.163853715043891235E-01  0.279462542801366988E-02
   20  0.163809780504998240E-01  0.234480984736887494E-02
   21  0.163765869520360874E-01  0.268629762457258357E-02
   22  0.163765869520359764E-01  0.314461310911400916E-02
   23  0.163719202523417255E-01  0.262506561754452397E-02
   24  0.163672562115506626E-01  0.287116625347745048E-02
   25  0.163672562115508291E-01  0.347320018475997085E-02
   26  0.163624953435143120E-01  0.288615911331976732E-02
   27  0.163577372443319269E-01  0.327143667548567300E-02
   28  0.163577372443320934E-01  0.378193115157515096E-02
   29  0.163530652131171420E-01  0.312895507579951868E-02
   30  0.163483958499537341E-01  0.338596549800020217E-02
   31  0.163483958499535120E-01  0.407179092564608890E-02
   32  0.163439925451641307E-01  0.335392873801447413E-02
   33  0.163395916117236584E-01  0.361579102639565187E-02
   34  0.163395916117235473E-01  0.434342737847933594E-02
   35  0.163356268382224869E-01  0.356130610350716787E-02
   36  0.163316639883457626E-01  0.401432266402180615E-02
   37  0.163316639883456793E-01  0.459728869067079198E-02
   38  0.163282908472999477E-01  0.375114834763579357E-02
   39  0.163249190993431659E-01  0.402149790651236405E-02
   40  0.163249190993429993E-01  0.483371376298288337E-02
   41  0.163222679880353251E-01  0.392340748989145581E-02
   42  0.163196177376505047E-01  0.419743323304896422E-02
   43  0.163196177376505880E-01  0.505299478975176908E-02
   44  0.163177912164969123E-01  0.407796225011508844E-02
   45  0.163159651041522580E-01  0.460420606863033103E-02
   46  0.163159651041522580E-01  0.525542165495323631E-02
   47  0.163150338469784731E-01  0.421463981393782258E-02
   48  0.163141026961040325E-01  0.449505558372371300E-02
   49  0.163141026961038660E-01  0.544131382273065588E-02
   50  0.163141026961038937E-01  0.433321823779613240E-02
   51  0.163141026961039493E-01  0.491426757630454483E-02
   52  0.163141026961039770E-01  0.561104124424194068E-02
   53  0.163150338469783898E-01  0.443342198151817132E-02
   54  0.163159651041522857E-01  0.504469457446071051E-02
   55  0.163159651041521747E-01  0.576503683122230569E-02
   56  0.163177912164969956E-01  0.451489370284255224E-02
   57  0.163196177376505602E-01  0.480312915597272318E-02
   58  0.163196177376503937E-01  0.590380033465548893E-02
   59  0.163222679880354118E-01  0.457714671717295192E-02
   60  0.163249190993431381E-01  0.486767312172318219E-02
   61  0.163249190993431381E-01  0.602789380478138768E-02
   62  0.163282908472999755E-01  0.461949021436415617E-02
   63  0.163316639883455961E-01  0.533933104327954065E-02
   64  0.163316639883455406E-01  0.613792820300446823E-02
   65  0.163356268382225701E-01  0.464091627137126154E-02
   66  0.163395916117236306E-01  0.540569704905429892E-02
   67  0.163395916117236861E-01  0.623454120542133935E-02
   68  0.163439925451643250E-01  0.463991505889874839E-02
   69  0.163483958499535537E-01  0.493645579692077868E-02
   70  0.163483958499535398E-01  0.631836236291555969E-02
   71  0.163530652131169477E-01  0.461419449372888965E-02
   72  0.163577372443319824E-01  0.549012164259280420E-02
   73  0.163577372443319963E-01  0.638995959817103155E-02
   74  0.163624953435143258E-01  0.456023204013460050E-02
   75  0.163672562115509124E-01  0.550700236272467277E-02
   76  0.163672562115509124E-01  0.644975544866723243E-02
   77  0.163719202523417810E-01  0.447248705109548009E-02
   78  0.163765869520358653E-01  0.550516236891214397E-02
   79  0.163765869520359902E-01  0.649787763477938096E-02
   80  0.163809780504995742E-01  0.434198150442208913E-02
   81  0.163853715043890680E-01  0.548172601482606672E-02
   82  0.163853715043889014E-01  0.653385939561694756E-02
   83  0.163893215031649074E-01  0.415347981216513795E-02
   84  0.163932734068418795E-01  0.444383869975128500E-02
   85  0.163932734068422195E-01  0.655593784921796544E-02
   86  0.163966312432969920E-01  0.387927318118319120E-02
   87  0.163999904556057716E-01  0.415612184743900919E-02
   88  0.163999904556057716E-01  0.655906450086745588E-02
   89  0.164026278516801495E-01  0.346347746166491112E-02
   90  0.164052660961682140E-01  0.519517331548873494E-02
   91  0.164052660961689044E-01  0.652756831384817410E-02
   92  0.164070823687284192E-01  0.277335562111921891E-02
   93  0.164088990435009401E-01  0.492013456180875278E-02
   94  0.164088990435016444E-01  0.639171005022545844E-02
   95  0.164098248682390015E-01  0.139149273191055390E-02
   96  0.164107507974548296E-01  0.414839560200819680E-02
   97  0.164107507974492230E-01  0.420528652666373425E-02
   98   0.00000000000000000       0.00000000000000000    
   99   0.00000000000000000       0.00000000000000000    
  100   0.00000000000000000       0.00000000000000000    
  101   0.00000000000000000       0.00000000000000000    
  102   0.00000000000000000       0.00000000000000000    
  103   0.00000000000000000       0.00000000000000000    
  104   0.00000000000000000       0.00000000000000000    
  105   0.00000000000000000       0.00000000000000000    
  106   0.00000000000000000       0.00000000000000000    
  107   0.00000000000000000       0.00000000000000000    
  108   0.00000000000000000       0.00000000000000000    
  109   0.00000000000000000       0.00000000000000000    
  110   0.00000000000000000       0.00000000000000000    
  111   0.00000000000000000       0.00000000000000000    
  112   0.00000000000000000       0.00000000000000000    
  113   0.00000000000000000       0.00000000000000000    
  114   0.00000000000000000       0.00000000000000000    
  115   0.00000000000000000       0.00000000000000000    
  116   0.00000000000000000       0.00000000000000000    
  117   0.00000000000000000       0.00000000000000000    
  118   0.00000000000000000       0.00000000000000000    
  119   0.00000000000000000       0.00000000000000000    
  120   0.00000000000000000       0.00000000000000000    
  121   0.00000000000000000       0.00000000000000000    
  122   0.00000000000000000       0.00000000000000000    
  123   0.00000000000000000       0.00000000000000000    
  124   0.00000000000000000       0.00000000000000000    
  125   0.00000000000000000       0.00000000000000000    
  126   0.00000000000000000       0.00000000000000000    
  127   0.00000000000000000       0.00000000000000000    
  128   0.00000000000000000       0.00000000000000000    
  129   0.00000000000000000       0.00000000000000000    
  130   0.00000000000000000       0.00000000000000000    
  131   0.00000000000000000       0.00000000000000000    
  132   0.00000000000000000       0.00000000000000000    
  133   0.00000000000000000       0.00000000000000000    
  134   0.00000000000000000       0.00000000000000000    
  135   0.00000000000000000       0.00000000000000000    
  136   0.00000000000000000       0.00000000000000000    
  137   0.00000000000000000       0.00000000000000000    
  138   0.00000000000000000       0.00000000000000000    
  139   0.00000000000000000       0.00000000000000000    
  140   0.00000000000000000       0.00000000000000000    
  141   0.00000000000000000       0.00000000000000000    
  142   0.00000000000000000       0.00000000000000000    
  143   0.00000000000000000       0.00000000000000000    
  144   0.00000000000000000       0.00000000000000000    
  145   0.00000000000000000       0.00000000000000000    
  146   0.00000000000000000       0.00000000000000000    
  147   0.00000000000000000       0.00000000000000000    
  148   0.00000000000000000       0.00000000000000000    
  149   0.00000000000000000       0.00000000000000000    
  150   0.00000000000000000       0.00000000000000000    
  151   0.00000000000000000       0.00000000000000000    
  152   0.00000000000000000       0.00000000000000000    
  153   0.00000000000000000       0.00000000000000000    
  154   0.00000000000000000       0.00000000000000000    
  155   0.00000000000000000       0.00000000000000000    
  156   0.00000000000000000       0.00000000000000000    
  157   0.00000000000000000       0.00000000000000000    
  158   0.00000000000000000       0.00000000000000000    
  159   0.00000000000000000       0.00000000000000000    
  160   0.00000000000000000       0.00000000000000000    
  161   0.00000000000000000       0.00000000000000000    
  162   0.00000000000000000       0.00000000000000000    
  163   0.00000000000000000       0.00000000000000000    
  164   0.00000000000000000       0.00000000000000000    
  165   0.00000000000000000       0.00000000000000000    
  166   0.00000000000000000       0.00000000000000000    
  167   0.00000000000000000       0.00000000000000000    
  168   0.00000000000000000       0.00000000000000000    
  169   0.00000000000000000       0.00000000000000000    
  170   0.00000000000000000       0.00000000000000000    
  171   0.00000000000000000       0.00000000000000000    
  172   0.00000000000000000       0.00000000000000000    
  173   0.00000000000000000       0.00000000000000000    
  174   0.00000000000000000       0.00000000000000000    
  175   0.00000000000000000       0.00000000000000000    
  176   0.00000000000000000       0.00000000000000000    
  177   0.00000000000000000       0.00000000000000000    
  178   0.00000000000000000       0.00000000000000000    
  179   0.00000000000000000       0.00000000000000000    
  180   0.00000000000000000       0.00000000000000000    
  181   0.00000000000000000       0.00000000000000000    
  182   0.00000000000000000       0.00000000000000000    
  183   0.00000000000000000       0.00000000000000000    
  184   0.00000000000000000       0.00000000000000000    
  185   0.00000000000000000       0.00000000000000000    
  186   0.00000000000000000       0.00000000000000000    
  187   0.00000000000000000       0.00000000000000000    
  188   0.00000000000000000       0.00000000000000000    
  189   0.00000000000000000       0.00000000000000000    
  190   0.00000000000000000       0.00000000000000000    
  191   0.00000000000000000       0.00000000000000000    
  192   0.00000000000000000       0.00000000000000000    
#gg4results - output grid - thetagrid thetagrid
    1  -3.14159265358979312       1.21479422228103373    
    2  -3.07594965039998858       1.21423831721032016    
    3  -2.97749255263107804       1.21136216518378070    
    4  -2.87905369015940193       1.20608772762719418    
    5  -2.78064319614464406       1.19853229380372261    
    6  -2.68227012160606471       1.18886013197854234    
    7  -2.58394208877482479       1.17727513321499622    
    8  -2.48566499795790241       1.16401212451788760    
    9  -2.38744279920762725       1.14932749403476020    
   10  -2.28927733780719755       1.13348975987149458    
   11  -2.19116827991871910       1.11677064228236222    
   12  -2.09311312177191766       1.09943708422884456    
   13  -1.99510728259508796       1.08174452821171263    
   14  -1.89714427822102416       1.06393161748095233    
   15  -1.79921596907173553       1.04621636290236641    
   16  -1.70131287317982527       1.02879371320791879    
   17  -1.60342453218710479       1.01183439088531957    
   18  -1.47291171061827253      0.990190988194701971    
   19  -1.34237668451805781      0.969914286862486597    
   20  -1.21179853717008323      0.951215037040611278    
   21  -1.08115871504132288      0.934249334012593136    
   22 -0.950424373671073797      0.919128356692556436    
   23 -0.819599841293931819      0.905915366780018050    
   24 -0.688680829535963102      0.894648158333494092    
   25 -0.557650564814968441      0.885348965748242289    
   26 -0.492109078797412169      0.881434647829799411    
   27 -0.426535985170044207      0.878015902499196477    
   28 -0.360949457445149224      0.875086206142090872    
   29 -0.295349495622727221      0.872644533270979683    
   30 -0.229728431238055308      0.870696312106754355    
   31 -0.164100100958715134      0.869234399158615778    
   32 -0.984645047847067245E-01  0.868258005552510204    
   33 -0.158561808194073772E-15  0.867710158772166729    
   34  0.984645047847064053E-01  0.868258005552510204    
   35  0.164100100958711137      0.869234399158615778    
   36  0.229728431238053088      0.870696312106754355    
   37  0.295349495622726888      0.872644533270979683    
   38  0.360949457445151056      0.875086206142090872    
   39  0.426535985170048093      0.878015902499196477    
   40  0.492109078797415167      0.881434647829799411    
   41  0.557650564814970107      0.885348965748242289    
   42  0.688680829535961880      0.894648158333494092    
   43  0.819599841293932041      0.905915366780018050    
   44  0.950424373671074241      0.919128356692556436    
   45   1.08115871504132288      0.934249334012593136    
   46   1.21179853717008279      0.951215037040611278    
   47   1.34237668451805647      0.969914286862486597    
   48   1.47291171061827342      0.990190988194701971    
   49   1.60342453218710412       1.01183439088531957    
   50   1.70131287317982505       1.02879371320791879    
   51   1.79921596907173642       1.04621636290236641    
   52   1.89714427822102394       1.06393161748095233    
   53   1.99510728259508774       1.08174452821171263    
   54   2.09311312177191722       1.09943708422884456    
   55   2.19116827991871821       1.11677064228236222    
   56   2.28927733780719800       1.13348975987149458    
   57   2.38744279920762814       1.14932749403476020    
   58   2.48566499795790286       1.16401212451788760    
   59   2.58394208877482523       1.17727513321499622    
   60   2.68227012160606559       1.18886013197854234    
   61   2.78064319614464495       1.19853229380372261    
   62   2.87905369015939971       1.20608772762719418    
   63   2.97749255263108203       1.21136216518378070    
   64   3.07594965039964352       1.21423831721032016    
   65   3.14159265358979312       1.21479422228103373    
#gg4results - output 1/lambda - bset bset
    1   1.21479422228103373       1.21479422228103373    
    2   1.21423831721032016       1.21423831721032016    
    3   1.21136216518378070       1.21136216518378070    
    4   1.20608772762719418       1.20608772762719418    
    5   1.19853229380372261       1.19853229380372261    
    6   1.18886013197854234       1.18886013197854234    
    7   1.17727513321499622       1.17727513321499622    
    8   1.16401212451788760       1.16401212451788760    
    9   1.14932749403476020       1.14932749403476020    
   10   1.13348975987149458       1.13348975987149458    
   11   1.11677064228236222       1.11677064228236222    
   12   1.09943708422884456       1.09943708422884456    
   13   1.08174452821171263       1.08174452821171263    
   14   1.06393161748095233       1.06393161748095233    
   15   1.04621636290236641       1.04621636290236641    
   16   1.02879371320791879       1.02879371320791879    
   17   1.01183439088531957       1.01183439088531957    
   18  0.990190988194701971      0.990190988194701971    
   19  0.969914286862486597      0.969914286862486597    
   20  0.951215037040611278      0.951215037040611278    
   21  0.934249334012593136      0.934249334012593136    
   22  0.919128356692556436      0.919128356692556436    
   23  0.905915366780018050      0.905915366780018050    
   24  0.894648158333494092      0.894648158333494092    
   25  0.885348965748242289      0.885348965748242289    
   26  0.881434647829799411      0.881434647829799411    
   27  0.878015902499196477      0.878015902499196477    
   28  0.875086206142090872      0.875086206142090872    
   29  0.872644533270979683      0.872644533270979683    
   30  0.870696312106754355      0.870696312106754355    
   31  0.869234399158615778      0.869234399158615778    
   32  0.868258005552510204      0.868258005552510204    
   33  0.867710158772166729      0.867710158772166729    
