 nbmag=          65
 thetain,bmagin=
  -3.1415926535897931        1.2192871801748022     
  -3.0429490186593751        1.2180021489508972     
  -2.9443233396760120        1.2141772954242782     
  -2.8457328919582738        1.2079018679095421     
  -2.7471936143146030        1.1993198334865305     
  -2.6487195019113225        1.1886231350552454     
  -2.5503220704043348        1.1760430473362076     
  -2.4520099116185334        1.1618403032346014     
  -2.3537883580997567        1.1462947019327598     
  -2.2556592702082181        1.1296948748524567     
  -2.1576209551310295        1.1123287896545180     
  -2.0596682223639555        1.0944754365422973     
  -1.9617925749941434        1.0763979878442329     
  -1.8639825306979332        1.0583385713891877     
  -1.7662240609851103        1.0405146658263154     
  -1.6685011321386360        1.0231170210421170     
  -1.5707963267948963        1.0063089327412615     
  -1.4730915214511568       0.99022665608665617     
  -1.3753685926046826       0.97498072502252819     
  -1.2776101228918593       0.96065794598520304     
  -1.1798000785956493       0.94732385125448482     
  -1.0819244312258374       0.93502542279602330     
 -0.98397169845876364       0.92379392757643375     
 -0.88593338338157468       0.91364773653426623     
 -0.78780429549003628       0.90459502920696699     
 -0.68958274197125968       0.89663631286055046     
 -0.59127058318545855       0.88976670794979629     
 -0.49287315167847012       0.88397797047535476     
 -0.39439903927518982       0.87926023629386540     
 -0.29585976163151945       0.87560348292209522     
 -0.19726931391378028       0.87299871126271222     
  -9.8643634930417542E-002  0.87143885346906547     
   2.4741569778272594E-016  0.87091941441057286     
   9.8643634930418042E-002  0.87143885346906547     
  0.19726931391378077       0.87299871126271222     
  0.29585976163151945       0.87560348292209522     
  0.39439903927519032       0.87926023629386540     
  0.49287315167847062       0.88397797047535476     
  0.59127058318545900       0.88976670794979629     
  0.68958274197125968       0.89663631286055046     
  0.78780429549003628       0.90459502920696699     
  0.88593338338157457       0.91364773653426623     
  0.98397169845876309       0.92379392757643375     
   1.0819244312258367       0.93502542279602330     
   1.1798000785956491       0.94732385125448482     
   1.2776101228918590       0.96065794598520304     
   1.3753685926046819       0.97498072502252819     
   1.4730915214511564       0.99022665608665617     
   1.5707963267948963        1.0063089327412615     
   1.6685011321386356        1.0231170210421170     
   1.7662240609851099        1.0405146658263154     
   1.8639825306979338        1.0583385713891877     
   1.9617925749941438        1.0763979878442329     
   2.0596682223639555        1.0944754365422973     
   2.1576209551310299        1.1123287896545180     
   2.2556592702082181        1.1296948748524567     
   2.3537883580997567        1.1462947019327596     
   2.4520099116185325        1.1618403032346014     
   2.5503220704043339        1.1760430473362076     
   2.6487195019113212        1.1886231350552454     
   2.7471936143146016        1.1993198334865305     
   2.8457328919582729        1.2079018679095421     
   2.9443233396760116        1.2141772954242782     
   3.0429490186593746        1.2180021489508972     
   3.1415926535897927        1.2192871801748022     
 alknob=   0.0000000000000000     
 epsknob=   1.0000000000000001E-005
 bpknob=   1.0000000000000000E-008
 extrknob=   0.0000000000000000     
 thetamax=   0.0000000000000000     
 deltaw,widthw=   0.0000000000000000        1.0000000000000000     
 tension=   1.0000000000000000     
 ntheta,nlambda=          64          33
#gg4init - input grid - thetain bmagin 
    1  -3.14159265358979312       1.21928718017480220    
    2  -3.04294901865937506       1.21800214895089720    
    3  -2.94432333967601201       1.21417729542427821    
    4  -2.84573289195827384       1.20790186790954213    
    5  -2.74719361431460296       1.19931983348653048    
    6  -2.64871950191132255       1.18862313505524542    
    7  -2.55032207040433478       1.17604304733620757    
    8  -2.45200991161853343       1.16184030323460141    
    9  -2.35378835809975673       1.14629470193275984    
   10  -2.25565927020821810       1.12969487485245668    
   11  -2.15762095513102947       1.11232878965451798    
   12  -2.05966822236395553       1.09447543654229729    
   13  -1.96179257499414339       1.07639798784423291    
   14  -1.86398253069793318       1.05833857138918774    
   15  -1.76622406098511031       1.04051466582631535    
   16  -1.66850113213863604       1.02311702104211699    
   17  -1.57079632679489634       1.00630893274126154    
   18  -1.47309152145115685      0.990226656086656165    
   19  -1.37536859260468258      0.974980725022528194    
   20  -1.27761012289185927      0.960657945985203043    
   21  -1.17980007859564928      0.947323851254484817    
   22  -1.08192443122583737      0.935025422796023298    
   23 -0.983971698458763644      0.923793927576433749    
   24 -0.885933383381574679      0.913647736534266230    
   25 -0.787804295490036277      0.904595029206966994    
   26 -0.689582741971259683      0.896636312860550455    
   27 -0.591270583185458554      0.889766707949796287    
   28 -0.492873151678470123      0.883977970475354757    
   29 -0.394399039275189822      0.879260236293865405    
   30 -0.295859761631519447      0.875603482922095222    
   31 -0.197269313913780275      0.872998711262712224    
   32 -0.986436349304175425E-01  0.871438853469065466    
   33  0.247415697782725945E-15  0.870919414410572856    
   34  0.986436349304180421E-01  0.871438853469065466    
   35  0.197269313913780775      0.872998711262712224    
   36  0.295859761631519447      0.875603482922095222    
   37  0.394399039275190322      0.879260236293865405    
   38  0.492873151678470622      0.883977970475354757    
   39  0.591270583185458998      0.889766707949796287    
   40  0.689582741971259683      0.896636312860550455    
   41  0.787804295490036277      0.904595029206966994    
   42  0.885933383381574568      0.913647736534266230    
   43  0.983971698458763089      0.923793927576433749    
   44   1.08192443122583670      0.935025422796023298    
   45   1.17980007859564906      0.947323851254484817    
   46   1.27761012289185905      0.960657945985203043    
   47   1.37536859260468192      0.974980725022528194    
   48   1.47309152145115640      0.990226656086656165    
   49   1.57079632679489634       1.00630893274126154    
   50   1.66850113213863560       1.02311702104211699    
   51   1.76622406098510987       1.04051466582631535    
   52   1.86398253069793385       1.05833857138918774    
   53   1.96179257499414383       1.07639798784423291    
   54   2.05966822236395553       1.09447543654229729    
   55   2.15762095513102992       1.11232878965451798    
   56   2.25565927020821810       1.12969487485245668    
   57   2.35378835809975673       1.14629470193275962    
   58   2.45200991161853254       1.16184030323460141    
   59   2.55032207040433390       1.17604304733620757    
   60   2.64871950191132122       1.18862313505524542    
   61   2.74719361431460163       1.19931983348653048    
   62   2.84573289195827295       1.20790186790954213    
   63   2.94432333967601156       1.21417729542427821    
   64   3.04294901865937462       1.21800214895089720    
   65   3.14159265358979267       1.21928718017480220    
#gg4start - starting grid - thetastart thetastart
    1  -3.14159265358979312      -3.14159265358979312    
    2  0.247415697782725945E-15  0.247415697782725945E-15
    3  -3.10871144194632043      -3.10871144194632043    
    4  -3.07583023030284775      -3.07583023030284775    
    5  -3.04294901865937506      -3.04294901865937506    
    6  -3.01007379233158723      -3.01007379233158723    
    7  -2.97719856600379984      -2.97719856600379984    
    8  -2.94432333967601201      -2.94432333967601201    
    9  -2.91145985710343247      -2.91145985710343247    
   10  -2.87859637453085337      -2.87859637453085337    
   11  -2.84573289195827384      -2.84573289195827384    
   12  -2.81288646607705006      -2.81288646607705006    
   13  -2.78004004019582673      -2.78004004019582673    
   14  -2.74719361431460296      -2.74719361431460296    
   15  -2.71436891018017601      -2.71436891018017601    
   16  -2.68154420604574950      -2.68154420604574950    
   17  -2.64871950191132255      -2.64871950191132255    
   18  -2.61592035807565981      -2.61592035807565981    
   19  -2.58312121423999752      -2.58312121423999752    
   20  -2.55032207040433478      -2.55032207040433478    
   21  -2.51755135080906767      -2.51755135080906767    
   22  -2.48478063121380055      -2.48478063121380055    
   23  -2.45200991161853343      -2.45200991161853343    
   24  -2.41926939377894135      -2.41926939377894135    
   25  -2.38652887593934881      -2.38652887593934881    
   26  -2.35378835809975673      -2.35378835809975673    
   27  -2.32107866213591052      -2.32107866213591052    
   28  -2.28836896617206431      -2.28836896617206431    
   29  -2.25565927020821810      -2.25565927020821810    
   30  -2.22297983184915537      -2.22297983184915537    
   31  -2.19030039349009220      -2.19030039349009220    
   32  -2.15762095513102947      -2.15762095513102947    
   33  -2.12497004420867164      -2.12497004420867164    
   34  -2.09231913328631336      -2.09231913328631336    
   35  -2.05966822236395553      -2.05966822236395553    
   36  -2.02704300657401815      -2.02704300657401815    
   37  -1.99441779078408077      -1.99441779078408077    
   38  -1.96179257499414339      -1.96179257499414339    
   39  -1.92918922689540673      -1.92918922689540673    
   40  -1.89658587879666984      -1.89658587879666984    
   41  -1.86398253069793318      -1.86398253069793318    
   42  -1.83139637412699230      -1.83139637412699230    
   43  -1.79881021755605119      -1.79881021755605119    
   44  -1.76622406098511031      -1.76622406098511031    
   45  -1.73364975136961896      -1.73364975136961896    
   46  -1.70107544175412739      -1.70107544175412739    
   47  -1.66850113213863604      -1.66850113213863604    
   48  -1.63593286369072288      -1.63593286369072288    
   49  -1.60336459524280950      -1.60336459524280950    
   50  -1.57079632679489634      -1.57079632679489634    
   51  -1.53822805834698317      -1.53822805834698317    
   52  -1.50565978989907001      -1.50565978989907001    
   53  -1.47309152145115685      -1.47309152145115685    
   54  -1.44051721183566550      -1.44051721183566550    
   55  -1.40794290222017393      -1.40794290222017393    
   56  -1.37536859260468258      -1.37536859260468258    
   57  -1.34278243603374148      -1.34278243603374148    
   58  -1.31019627946280037      -1.31019627946280037    
   59  -1.27761012289185927      -1.27761012289185927    
   60  -1.24500677479312261      -1.24500677479312261    
   61  -1.21240342669438594      -1.21240342669438594    
   62  -1.17980007859564928      -1.17980007859564928    
   63  -1.14717486280571190      -1.14717486280571190    
   64  -1.11454964701577475      -1.11454964701577475    
   65  -1.08192443122583737      -1.08192443122583737    
   66  -1.04927352030347953      -1.04927352030347953    
   67  -1.01662260938112148      -1.01662260938112148    
   68 -0.983971698458763644     -0.983971698458763644    
   69 -0.951292260099700693     -0.951292260099700693    
   70 -0.918612821740637631     -0.918612821740637631    
   71 -0.885933383381574679     -0.885933383381574679    
   72 -0.853223687417728582     -0.853223687417728582    
   73 -0.820513991453882374     -0.820513991453882374    
   74 -0.787804295490036277     -0.787804295490036277    
   75 -0.755063777650444079     -0.755063777650444079    
   76 -0.722323259810851881     -0.722323259810851881    
   77 -0.689582741971259683     -0.689582741971259683    
   78 -0.656812022375992677     -0.656812022375992677    
   79 -0.624041302780725560     -0.624041302780725560    
   80 -0.591270583185458554     -0.591270583185458554    
   81 -0.558471439349795706     -0.558471439349795706    
   82 -0.525672295514132970     -0.525672295514132970    
   83 -0.492873151678470123     -0.492873151678470123    
   84 -0.460048447544043337     -0.460048447544043337    
   85 -0.427223743409616608     -0.427223743409616608    
   86 -0.394399039275189822     -0.394399039275189822    
   87 -0.361552613393966382     -0.361552613393966382    
   88 -0.328706187512742887     -0.328706187512742887    
   89 -0.295859761631519447     -0.295859761631519447    
   90 -0.262996279058939741     -0.262996279058939741    
   91 -0.230132796486359981     -0.230132796486359981    
   92 -0.197269313913780275     -0.197269313913780275    
   93 -0.164394087585992693     -0.164394087585992693    
   94 -0.131518861258205111     -0.131518861258205111    
   95 -0.986436349304175425E-01 -0.986436349304175425E-01
   96 -0.657624232869449543E-01 -0.657624232869449543E-01
   97 -0.328812116434723523E-01 -0.328812116434723523E-01
   98  0.328812116434728449E-01  0.328812116434728449E-01
   99  0.657624232869454400E-01  0.657624232869454400E-01
  100  0.986436349304180421E-01  0.986436349304180421E-01
  101  0.131518861258205610      0.131518861258205610    
  102  0.164394087585993193      0.164394087585993193    
  103  0.197269313913780775      0.197269313913780775    
  104  0.230132796486360341      0.230132796486360341    
  105  0.262996279058939908      0.262996279058939908    
  106  0.295859761631519447      0.295859761631519447    
  107  0.328706187512743053      0.328706187512743053    
  108  0.361552613393966715      0.361552613393966715    
  109  0.394399039275190322      0.394399039275190322    
  110  0.427223743409617107      0.427223743409617107    
  111  0.460048447544043837      0.460048447544043837    
  112  0.492873151678470622      0.492873151678470622    
  113  0.525672295514133414      0.525672295514133414    
  114  0.558471439349796261      0.558471439349796261    
  115  0.591270583185458998      0.591270583185458998    
  116  0.624041302780725893      0.624041302780725893    
  117  0.656812022375992788      0.656812022375992788    
  118  0.689582741971259683      0.689582741971259683    
  119  0.722323259810851881      0.722323259810851881    
  120  0.755063777650444079      0.755063777650444079    
  121  0.787804295490036277      0.787804295490036277    
  122  0.820513991453882374      0.820513991453882374    
  123  0.853223687417728471      0.853223687417728471    
  124  0.885933383381574568      0.885933383381574568    
  125  0.918612821740637409      0.918612821740637409    
  126  0.951292260099700249      0.951292260099700249    
  127  0.983971698458763089      0.983971698458763089    
  128   1.01662260938112103       1.01662260938112103    
  129   1.04927352030347887       1.04927352030347887    
  130   1.08192443122583670       1.08192443122583670    
  131   1.11454964701577408       1.11454964701577408    
  132   1.14717486280571168       1.14717486280571168    
  133   1.17980007859564906       1.17980007859564906    
  134   1.21240342669438572       1.21240342669438572    
  135   1.24500677479312238       1.24500677479312238    
  136   1.27761012289185905       1.27761012289185905    
  137   1.31019627946279993       1.31019627946279993    
  138   1.34278243603374103       1.34278243603374103    
  139   1.37536859260468192       1.37536859260468192    
  140   1.40794290222017349       1.40794290222017349    
  141   1.44051721183566483       1.44051721183566483    
  142   1.47309152145115640       1.47309152145115640    
  143   1.50565978989906979       1.50565978989906979    
  144   1.53822805834698295       1.53822805834698295    
  145   1.57079632679489634       1.57079632679489634    
  146   1.60336459524280950       1.60336459524280950    
  147   1.63593286369072244       1.63593286369072244    
  148   1.66850113213863560       1.66850113213863560    
  149   1.70107544175412695       1.70107544175412695    
  150   1.73364975136961852       1.73364975136961852    
  151   1.76622406098510987       1.76622406098510987    
  152   1.79881021755605119       1.79881021755605119    
  153   1.83139637412699252       1.83139637412699252    
  154   1.86398253069793385       1.86398253069793385    
  155   1.89658587879667051       1.89658587879667051    
  156   1.92918922689540717       1.92918922689540717    
  157   1.96179257499414383       1.96179257499414383    
  158   1.99441779078408099       1.99441779078408099    
  159   2.02704300657401815       2.02704300657401815    
  160   2.05966822236395553       2.05966822236395553    
  161   2.09231913328631380       2.09231913328631380    
  162   2.12497004420867164       2.12497004420867164    
  163   2.15762095513102992       2.15762095513102992    
  164   2.19030039349009265       2.19030039349009265    
  165   2.22297983184915537       2.22297983184915537    
  166   2.25565927020821810       2.25565927020821810    
  167   2.28836896617206431       2.28836896617206431    
  168   2.32107866213591052       2.32107866213591052    
  169   2.35378835809975673       2.35378835809975673    
  170   2.38652887593934881       2.38652887593934881    
  171   2.41926939377894046       2.41926939377894046    
  172   2.45200991161853254       2.45200991161853254    
  173   2.48478063121379966       2.48478063121379966    
  174   2.51755135080906678       2.51755135080906678    
  175   2.55032207040433390       2.55032207040433390    
  176   2.58312121423999619       2.58312121423999619    
  177   2.61592035807565892       2.61592035807565892    
  178   2.64871950191132122       2.64871950191132122    
  179   2.68154420604574817       2.68154420604574817    
  180   2.71436891018017468       2.71436891018017468    
  181   2.74719361431460163       2.74719361431460163    
  182   2.78004004019582540       2.78004004019582540    
  183   2.81288646607704917       2.81288646607704917    
  184   2.84573289195827295       2.84573289195827295    
  185   2.87859637453085249       2.87859637453085249    
  186   2.91145985710343203       2.91145985710343203    
  187   2.94432333967601156       2.94432333967601156    
  188   2.97719856600379940       2.97719856600379940    
  189   3.01007379233158678       3.01007379233158678    
  190   3.04294901865937462       3.04294901865937462    
  191   3.07583023030284730       3.07583023030284730    
  192   3.10871144194631999       3.10871144194631999    
#gg4start - starting field - bmagstart bmagstart
    1   1.21928718017480220       1.21928718017480220    
    2  0.870919414410572856      0.870919414410572856    
    3   1.21913880640556260       1.21913880640556260    
    4   1.21871007822414024       1.21871007822414024    
    5   1.21800214895089720       1.21800214895089720    
    6   1.21700107636466281       1.21700107636466281    
    7   1.21572498994886846       1.21572498994886846    
    8   1.21417729542427821       1.21417729542427821    
    9   1.21234708660688151       1.21234708660688151    
   10   1.21025344412739932       1.21025344412739932    
   11   1.20790186790954213       1.20790186790954213    
   12   1.20528489672310113       1.20528489672310113    
   13   1.20242177026855934       1.20242177026855934    
   14   1.19931983348653048       1.19931983348653048    
   15   1.19597527320098695       1.19597527320098695    
   16   1.19240675055401635       1.19240675055401635    
   17   1.18862313505524542       1.18862313505524542    
   18   1.18462424929872179       1.18462424929872179    
   19   1.18042754459070443       1.18042754459070443    
   20   1.17604304733620757       1.17604304733620757    
   21   1.17147399883494518       1.17147399883494518    
   22   1.16673615280796583       1.16673615280796583    
   23   1.16184030323460141       1.16184030323460141    
   24   1.15679271668446959       1.15679271668446959    
   25   1.15160712455923231       1.15160712455923231    
   26   1.14629470193275984       1.14629470193275984    
   27   1.14086421274470728       1.14086421274470728    
   28   1.13532720578491420       1.13532720578491420    
   29   1.12969487485245668       1.12969487485245668    
   30   1.12397786884951545       1.12397786884951545    
   31   1.11818554348249033       1.11818554348249033    
   32   1.11232878965451798       1.11232878965451798    
   33   1.10641949657943695       1.10641949657943695    
   34   1.10046493937556589       1.10046493937556589    
   35   1.09447543654229729       1.09447543654229729    
   36   1.08846349000556408       1.08846349000556408    
   37   1.08243449549349124       1.08243449549349124    
   38   1.07639798784423291       1.07639798784423291    
   39   1.07036651322200060       1.07036651322200060    
   40   1.06434384119125491       1.06434384119125491    
   41   1.05833857138918774       1.05833857138918774    
   42   1.05236281682834165       1.05236281682834165    
   43   1.04641899154647433       1.04641899154647433    
   44   1.04051466582631535       1.04051466582631535    
   45   1.03466115362047639       1.03466115362047639    
   46   1.02885977235062209       1.02885977235062209    
   47   1.02311702104211699       1.02311702104211699    
   48   1.01744316891239661       1.01744316891239661    
   49   1.01183866242879206       1.01183866242879206    
   50   1.00630893274126154       1.00630893274126154    
   51   1.00086307703446309       1.00086307703446309    
   52  0.995500850147903238      0.995500850147903238    
   53  0.990226656086656165      0.990226656086656165    
   54  0.985048400474691221      0.985048400474691221    
   55  0.979965274542768494      0.979965274542768494    
   56  0.974980725022528194      0.974980725022528194    
   57  0.970101537188551966      0.970101537188551966    
   58  0.965326417335986009      0.965326417335986009    
   59  0.960657945985203043      0.960657945985203043    
   60  0.956101929043262855      0.956101929043262855    
   61  0.951656624386440719      0.951656624386440719    
   62  0.947323851254484817      0.947323851254484817    
   63  0.943108624398316886      0.943108624398316886    
   64  0.939008758145847389      0.939008758145847389    
   65  0.935025422796023298      0.935025422796023298    
   66  0.931163055314181864      0.931163055314181864    
   67  0.927419011695816309      0.927419011695816309    
   68  0.923793927576433749      0.923793927576433749    
   69  0.920291880659216854      0.920291880659216854    
   70  0.916909746064889064      0.916909746064889064    
   71  0.913647736534266230      0.913647736534266230    
   72  0.910509777333962766      0.910509777333962766    
   73  0.907492243005963872      0.907492243005963872    
   74  0.904595029206966994      0.904595029206966994    
   75  0.901822090801703058      0.901822090801703058    
   76  0.899169293388431101      0.899169293388431101    
   77  0.896636312860550455      0.896636312860550455    
   78  0.894227281762890902      0.894227281762890902    
   79  0.891937565714688518      0.891937565714688518    
   80  0.889766707949796287      0.889766707949796287    
   81  0.887719127427944787      0.887719127427944787    
   82  0.885789719469074477      0.885789719469074477    
   83  0.883977970475354757      0.883977970475354757    
   84  0.882288653183464500      0.882288653183464500    
   85  0.880716243927672782      0.880716243927672782    
   86  0.879260236293865405      0.879260236293865405    
   87  0.877925783595043474      0.877925783595043474    
   88  0.876707014867129653      0.876707014867129653    
   89  0.875603482922095222      0.875603482922095222    
   90  0.874620710948968205      0.874620710948968205    
   91  0.873752569667352930      0.873752569667352930    
   92  0.872998711262712224      0.872998711262712224    
   93  0.872364985347973132      0.872364985347973132    
   94  0.871845106081104326      0.871845106081104326    
   95  0.871438853469065355      0.871438853469065355    
   96  0.871152333264722190      0.871152333264722190    
   97  0.870979211981653956      0.870979211981653956    
   98   0.00000000000000000       0.00000000000000000    
   99   0.00000000000000000       0.00000000000000000    
  100   0.00000000000000000       0.00000000000000000    
  101   0.00000000000000000       0.00000000000000000    
  102   0.00000000000000000       0.00000000000000000    
  103   0.00000000000000000       0.00000000000000000    
  104   0.00000000000000000       0.00000000000000000    
  105   0.00000000000000000       0.00000000000000000    
  106   0.00000000000000000       0.00000000000000000    
  107   0.00000000000000000       0.00000000000000000    
  108   0.00000000000000000       0.00000000000000000    
  109   0.00000000000000000       0.00000000000000000    
  110   0.00000000000000000       0.00000000000000000    
  111   0.00000000000000000       0.00000000000000000    
  112   0.00000000000000000       0.00000000000000000    
  113   0.00000000000000000       0.00000000000000000    
  114   0.00000000000000000       0.00000000000000000    
  115   0.00000000000000000       0.00000000000000000    
  116   0.00000000000000000       0.00000000000000000    
  117   0.00000000000000000       0.00000000000000000    
  118   0.00000000000000000       0.00000000000000000    
  119   0.00000000000000000       0.00000000000000000    
  120   0.00000000000000000       0.00000000000000000    
  121   0.00000000000000000       0.00000000000000000    
  122   0.00000000000000000       0.00000000000000000    
  123   0.00000000000000000       0.00000000000000000    
  124   0.00000000000000000       0.00000000000000000    
  125   0.00000000000000000       0.00000000000000000    
  126   0.00000000000000000       0.00000000000000000    
  127   0.00000000000000000       0.00000000000000000    
  128   0.00000000000000000       0.00000000000000000    
  129   0.00000000000000000       0.00000000000000000    
  130   0.00000000000000000       0.00000000000000000    
  131   0.00000000000000000       0.00000000000000000    
  132   0.00000000000000000       0.00000000000000000    
  133   0.00000000000000000       0.00000000000000000    
  134   0.00000000000000000       0.00000000000000000    
  135   0.00000000000000000       0.00000000000000000    
  136   0.00000000000000000       0.00000000000000000    
  137   0.00000000000000000       0.00000000000000000    
  138   0.00000000000000000       0.00000000000000000    
  139   0.00000000000000000       0.00000000000000000    
  140   0.00000000000000000       0.00000000000000000    
  141   0.00000000000000000       0.00000000000000000    
  142   0.00000000000000000       0.00000000000000000    
  143   0.00000000000000000       0.00000000000000000    
  144   0.00000000000000000       0.00000000000000000    
  145   0.00000000000000000       0.00000000000000000    
  146   0.00000000000000000       0.00000000000000000    
  147   0.00000000000000000       0.00000000000000000    
  148   0.00000000000000000       0.00000000000000000    
  149   0.00000000000000000       0.00000000000000000    
  150   0.00000000000000000       0.00000000000000000    
  151   0.00000000000000000       0.00000000000000000    
  152   0.00000000000000000       0.00000000000000000    
  153   0.00000000000000000       0.00000000000000000    
  154   0.00000000000000000       0.00000000000000000    
  155   0.00000000000000000       0.00000000000000000    
  156   0.00000000000000000       0.00000000000000000    
  157   0.00000000000000000       0.00000000000000000    
  158   0.00000000000000000       0.00000000000000000    
  159   0.00000000000000000       0.00000000000000000    
  160   0.00000000000000000       0.00000000000000000    
  161   0.00000000000000000       0.00000000000000000    
  162   0.00000000000000000       0.00000000000000000    
  163   0.00000000000000000       0.00000000000000000    
  164   0.00000000000000000       0.00000000000000000    
  165   0.00000000000000000       0.00000000000000000    
  166   0.00000000000000000       0.00000000000000000    
  167   0.00000000000000000       0.00000000000000000    
  168   0.00000000000000000       0.00000000000000000    
  169   0.00000000000000000       0.00000000000000000    
  170   0.00000000000000000       0.00000000000000000    
  171   0.00000000000000000       0.00000000000000000    
  172   0.00000000000000000       0.00000000000000000    
  173   0.00000000000000000       0.00000000000000000    
  174   0.00000000000000000       0.00000000000000000    
  175   0.00000000000000000       0.00000000000000000    
  176   0.00000000000000000       0.00000000000000000    
  177   0.00000000000000000       0.00000000000000000    
  178   0.00000000000000000       0.00000000000000000    
  179   0.00000000000000000       0.00000000000000000    
  180   0.00000000000000000       0.00000000000000000    
  181   0.00000000000000000       0.00000000000000000    
  182   0.00000000000000000       0.00000000000000000    
  183   0.00000000000000000       0.00000000000000000    
  184   0.00000000000000000       0.00000000000000000    
  185   0.00000000000000000       0.00000000000000000    
  186   0.00000000000000000       0.00000000000000000    
  187   0.00000000000000000       0.00000000000000000    
  188   0.00000000000000000       0.00000000000000000    
  189   0.00000000000000000       0.00000000000000000    
  190   0.00000000000000000       0.00000000000000000    
  191   0.00000000000000000       0.00000000000000000    
  192   0.00000000000000000       0.00000000000000000    
#gg4start - essentialstart
           1 T
           2 T
           3 F
           4 F
           5 F
           6 F
           7 F
           8 F
           9 F
          10 F
          11 F
          12 F
          13 F
          14 F
          15 F
          16 F
          17 F
          18 F
          19 F
          20 F
          21 F
          22 F
          23 F
          24 F
          25 F
          26 F
          27 F
          28 F
          29 F
          30 F
          31 F
          32 F
          33 F
          34 F
          35 F
          36 F
          37 F
          38 F
          39 F
          40 F
          41 F
          42 F
          43 F
          44 F
          45 F
          46 F
          47 F
          48 F
          49 F
          50 F
          51 F
          52 F
          53 F
          54 F
          55 F
          56 F
          57 F
          58 F
          59 F
          60 F
          61 F
          62 F
          63 F
          64 F
          65 F
          66 F
          67 F
          68 F
          69 F
          70 F
          71 F
          72 F
          73 F
          74 F
          75 F
          76 F
          77 F
          78 F
          79 F
          80 F
          81 F
          82 F
          83 F
          84 F
          85 F
          86 F
          87 F
          88 F
          89 F
          90 F
          91 F
          92 F
          93 F
          94 F
          95 F
          96 F
          97 F
          98 F
          99 F
         100 F
         101 F
         102 F
         103 F
         104 F
         105 F
         106 F
         107 F
         108 F
         109 F
         110 F
         111 F
         112 F
         113 F
         114 F
         115 F
         116 F
         117 F
         118 F
         119 F
         120 F
         121 F
         122 F
         123 F
         124 F
         125 F
         126 F
         127 F
         128 F
         129 F
         130 F
         131 F
         132 F
         133 F
         134 F
         135 F
         136 F
         137 F
         138 F
         139 F
         140 F
         141 F
         142 F
         143 F
         144 F
         145 F
         146 F
         147 F
         148 F
         149 F
         150 F
         151 F
         152 F
         153 F
         154 F
         155 F
         156 F
         157 F
         158 F
         159 F
         160 F
         161 F
         162 F
         163 F
         164 F
         165 F
         166 F
         167 F
         168 F
         169 F
         170 F
         171 F
         172 F
         173 F
         174 F
         175 F
         176 F
         177 F
         178 F
         179 F
         180 F
         181 F
         182 F
         183 F
         184 F
         185 F
         186 F
         187 F
         188 F
         189 F
         190 F
         191 F
         192 F
# gg4collect - bmagset bmagset
    1   1.21928718017480220       1.21928718017480220    
    2  0.870919414410572856      0.870919414410572856    
    3   1.21913880640556260       1.21913880640556260    
    4   1.21871007822414024       1.21871007822414024    
    5   1.21800214895089720       1.21800214895089720    
    6   1.21700107636466281       1.21700107636466281    
    7   1.21572498994886846       1.21572498994886846    
    8   1.21417729542427821       1.21417729542427821    
    9   1.21234708660688151       1.21234708660688151    
   10   1.21025344412739932       1.21025344412739932    
   11   1.20790186790954213       1.20790186790954213    
   12   1.20528489672310113       1.20528489672310113    
   13   1.20242177026855934       1.20242177026855934    
   14   1.19931983348653048       1.19931983348653048    
   15   1.19597527320098695       1.19597527320098695    
   16   1.19240675055401635       1.19240675055401635    
   17   1.18862313505524542       1.18862313505524542    
   18   1.18462424929872179       1.18462424929872179    
   19   1.18042754459070443       1.18042754459070443    
   20   1.17604304733620757       1.17604304733620757    
   21   1.17147399883494518       1.17147399883494518    
   22   1.16673615280796583       1.16673615280796583    
   23   1.16184030323460141       1.16184030323460141    
   24   1.15679271668446959       1.15679271668446959    
   25   1.15160712455923231       1.15160712455923231    
   26   1.14629470193275984       1.14629470193275984    
   27   1.14086421274470728       1.14086421274470728    
   28   1.13532720578491420       1.13532720578491420    
   29   1.12969487485245668       1.12969487485245668    
   30   1.12397786884951545       1.12397786884951545    
   31   1.11818554348249033       1.11818554348249033    
   32   1.11232878965451798       1.11232878965451798    
   33   1.10641949657943695       1.10641949657943695    
   34   1.10046493937556589       1.10046493937556589    
   35   1.09447543654229729       1.09447543654229729    
   36   1.08846349000556408       1.08846349000556408    
   37   1.08243449549349124       1.08243449549349124    
   38   1.07639798784423291       1.07639798784423291    
   39   1.07036651322200060       1.07036651322200060    
   40   1.06434384119125491       1.06434384119125491    
   41   1.05833857138918774       1.05833857138918774    
   42   1.05236281682834165       1.05236281682834165    
   43   1.04641899154647433       1.04641899154647433    
   44   1.04051466582631535       1.04051466582631535    
   45   1.03466115362047639       1.03466115362047639    
   46   1.02885977235062209       1.02885977235062209    
   47   1.02311702104211699       1.02311702104211699    
   48   1.01744316891239661       1.01744316891239661    
   49   1.01183866242879206       1.01183866242879206    
   50   1.00630893274126154       1.00630893274126154    
   51   1.00086307703446309       1.00086307703446309    
   52  0.995500850147903238      0.995500850147903238    
   53  0.990226656086656165      0.990226656086656165    
   54  0.985048400474691221      0.985048400474691221    
   55  0.979965274542768494      0.979965274542768494    
   56  0.974980725022528194      0.974980725022528194    
   57  0.970101537188551966      0.970101537188551966    
   58  0.965326417335986009      0.965326417335986009    
   59  0.960657945985203043      0.960657945985203043    
   60  0.956101929043262855      0.956101929043262855    
   61  0.951656624386440719      0.951656624386440719    
   62  0.947323851254484817      0.947323851254484817    
   63  0.943108624398316886      0.943108624398316886    
   64  0.939008758145847389      0.939008758145847389    
   65  0.935025422796023298      0.935025422796023298    
   66  0.931163055314181864      0.931163055314181864    
   67  0.927419011695816309      0.927419011695816309    
   68  0.923793927576433749      0.923793927576433749    
   69  0.920291880659216854      0.920291880659216854    
   70  0.916909746064889064      0.916909746064889064    
   71  0.913647736534266230      0.913647736534266230    
   72  0.910509777333962766      0.910509777333962766    
   73  0.907492243005963872      0.907492243005963872    
   74  0.904595029206966994      0.904595029206966994    
   75  0.901822090801703058      0.901822090801703058    
   76  0.899169293388431101      0.899169293388431101    
   77  0.896636312860550455      0.896636312860550455    
   78  0.894227281762890902      0.894227281762890902    
   79  0.891937565714688518      0.891937565714688518    
   80  0.889766707949796287      0.889766707949796287    
   81  0.887719127427944787      0.887719127427944787    
   82  0.885789719469074477      0.885789719469074477    
   83  0.883977970475354757      0.883977970475354757    
   84  0.882288653183464500      0.882288653183464500    
   85  0.880716243927672782      0.880716243927672782    
   86  0.879260236293865405      0.879260236293865405    
   87  0.877925783595043474      0.877925783595043474    
   88  0.876707014867129653      0.876707014867129653    
   89  0.875603482922095222      0.875603482922095222    
   90  0.874620710948968205      0.874620710948968205    
   91  0.873752569667352930      0.873752569667352930    
   92  0.872998711262712224      0.872998711262712224    
   93  0.872364985347973132      0.872364985347973132    
   94  0.871845106081104326      0.871845106081104326    
   95  0.871438853469065355      0.871438853469065355    
   96  0.871152333264722190      0.871152333264722190    
   97  0.870979211981653956      0.870979211981653956    
   98   0.00000000000000000       0.00000000000000000    
   99   0.00000000000000000       0.00000000000000000    
  100   0.00000000000000000       0.00000000000000000    
  101   0.00000000000000000       0.00000000000000000    
  102   0.00000000000000000       0.00000000000000000    
  103   0.00000000000000000       0.00000000000000000    
  104   0.00000000000000000       0.00000000000000000    
  105   0.00000000000000000       0.00000000000000000    
  106   0.00000000000000000       0.00000000000000000    
  107   0.00000000000000000       0.00000000000000000    
  108   0.00000000000000000       0.00000000000000000    
  109   0.00000000000000000       0.00000000000000000    
  110   0.00000000000000000       0.00000000000000000    
  111   0.00000000000000000       0.00000000000000000    
  112   0.00000000000000000       0.00000000000000000    
  113   0.00000000000000000       0.00000000000000000    
  114   0.00000000000000000       0.00000000000000000    
  115   0.00000000000000000       0.00000000000000000    
  116   0.00000000000000000       0.00000000000000000    
  117   0.00000000000000000       0.00000000000000000    
  118   0.00000000000000000       0.00000000000000000    
  119   0.00000000000000000       0.00000000000000000    
  120   0.00000000000000000       0.00000000000000000    
  121   0.00000000000000000       0.00000000000000000    
  122   0.00000000000000000       0.00000000000000000    
  123   0.00000000000000000       0.00000000000000000    
  124   0.00000000000000000       0.00000000000000000    
  125   0.00000000000000000       0.00000000000000000    
  126   0.00000000000000000       0.00000000000000000    
  127   0.00000000000000000       0.00000000000000000    
  128   0.00000000000000000       0.00000000000000000    
  129   0.00000000000000000       0.00000000000000000    
  130   0.00000000000000000       0.00000000000000000    
  131   0.00000000000000000       0.00000000000000000    
  132   0.00000000000000000       0.00000000000000000    
  133   0.00000000000000000       0.00000000000000000    
  134   0.00000000000000000       0.00000000000000000    
  135   0.00000000000000000       0.00000000000000000    
  136   0.00000000000000000       0.00000000000000000    
  137   0.00000000000000000       0.00000000000000000    
  138   0.00000000000000000       0.00000000000000000    
  139   0.00000000000000000       0.00000000000000000    
  140   0.00000000000000000       0.00000000000000000    
  141   0.00000000000000000       0.00000000000000000    
  142   0.00000000000000000       0.00000000000000000    
  143   0.00000000000000000       0.00000000000000000    
  144   0.00000000000000000       0.00000000000000000    
  145   0.00000000000000000       0.00000000000000000    
  146   0.00000000000000000       0.00000000000000000    
  147   0.00000000000000000       0.00000000000000000    
  148   0.00000000000000000       0.00000000000000000    
  149   0.00000000000000000       0.00000000000000000    
  150   0.00000000000000000       0.00000000000000000    
  151   0.00000000000000000       0.00000000000000000    
  152   0.00000000000000000       0.00000000000000000    
  153   0.00000000000000000       0.00000000000000000    
  154   0.00000000000000000       0.00000000000000000    
  155   0.00000000000000000       0.00000000000000000    
  156   0.00000000000000000       0.00000000000000000    
  157   0.00000000000000000       0.00000000000000000    
  158   0.00000000000000000       0.00000000000000000    
  159   0.00000000000000000       0.00000000000000000    
  160   0.00000000000000000       0.00000000000000000    
  161   0.00000000000000000       0.00000000000000000    
  162   0.00000000000000000       0.00000000000000000    
  163   0.00000000000000000       0.00000000000000000    
  164   0.00000000000000000       0.00000000000000000    
  165   0.00000000000000000       0.00000000000000000    
  166   0.00000000000000000       0.00000000000000000    
  167   0.00000000000000000       0.00000000000000000    
  168   0.00000000000000000       0.00000000000000000    
  169   0.00000000000000000       0.00000000000000000    
  170   0.00000000000000000       0.00000000000000000    
  171   0.00000000000000000       0.00000000000000000    
  172   0.00000000000000000       0.00000000000000000    
  173   0.00000000000000000       0.00000000000000000    
  174   0.00000000000000000       0.00000000000000000    
  175   0.00000000000000000       0.00000000000000000    
  176   0.00000000000000000       0.00000000000000000    
  177   0.00000000000000000       0.00000000000000000    
  178   0.00000000000000000       0.00000000000000000    
  179   0.00000000000000000       0.00000000000000000    
  180   0.00000000000000000       0.00000000000000000    
  181   0.00000000000000000       0.00000000000000000    
  182   0.00000000000000000       0.00000000000000000    
  183   0.00000000000000000       0.00000000000000000    
  184   0.00000000000000000       0.00000000000000000    
  185   0.00000000000000000       0.00000000000000000    
  186   0.00000000000000000       0.00000000000000000    
  187   0.00000000000000000       0.00000000000000000    
  188   0.00000000000000000       0.00000000000000000    
  189   0.00000000000000000       0.00000000000000000    
  190   0.00000000000000000       0.00000000000000000    
  191   0.00000000000000000       0.00000000000000000    
  192   0.00000000000000000       0.00000000000000000    
# gg4collect - thetasetset ibmagsetset icollsetset
    1  -3.14159265358979312        1          2
    2  0.247415697782725945E-15    2          2
    3  -3.10871144194632043        3          2
    4   3.10871144194631643        3       3222
    5  -3.07583023030284775        4          2
    6   3.07583023030283442        4       3222
    7  -3.04294901865937506        5          2
    8   3.04294901865937462        5        331
    9  -3.01007379233158723        6          2
   10   3.01007379233159345        6       3222
   11  -2.97719856600379984        7          2
   12   2.97719856600379851        7       3222
   13  -2.94432333967601201        8          2
   14   2.94432333967601156        8        331
   15  -2.91145985710343247        9          2
   16   2.91145985710343158        9       3222
   17  -2.87859637453085337       10          2
   18   2.87859637453085337       10       3222
   19  -2.84573289195827384       11          2
   20   2.84573289195827295       11        331
   21  -2.81288646607705006       12          2
   22   2.81288646607704873       12       3222
   23  -2.78004004019582673       13          2
   24   2.78004004019582585       13       3222
   25  -2.74719361431460296       14          2
   26   2.74719361431460163       14        331
   27  -2.71436891018017601       15          2
   28   2.71436891018017290       15       3222
   29  -2.68154420604574950       16          2
   30   2.68154420604574728       16       3222
   31  -2.64871950191132255       17          2
   32   2.64871950191132122       17        331
   33  -2.61592035807565981       18          2
   34   2.61592035807565892       18       3222
   35  -2.58312121423999752       19          2
   36   2.58312121423999663       19       3222
   37  -2.55032207040433478       20          2
   38   2.55032207040433390       20        331
   39  -2.51755135080906767       21          2
   40   2.51755135080906634       21       3222
   41  -2.48478063121380055       22          2
   42   2.48478063121379877       22       3222
   43  -2.45200991161853343       23          2
   44   2.45200991161853254       23        331
   45  -2.41926939377894135       24          2
   46   2.41926939377894312       24       3222
   47  -2.38652887593934881       25          2
   48   2.38652887593934970       25       3222
   49  -2.35378835809975673       26          2
   50   2.35378835809975762       26       3222
   51  -2.32107866213591052       27          2
   52   2.32107866213591141       27       3222
   53  -2.28836896617206431       28          2
   54   2.28836896617206431       28       3222
   55  -2.25565927020821810       29          2
   56   2.25565927020821810       29        331
   57  -2.22297983184915537       30          2
   58   2.22297983184915360       30       3222
   59  -2.19030039349009220       31          2
   60   2.19030039349009265       31       3222
   61  -2.15762095513102947       32          2
   62   2.15762095513102992       32        331
   63  -2.12497004420867164       33          2
   64   2.12497004420867297       33       3222
   65  -2.09231913328631336       34          2
   66   2.09231913328631292       34       3222
   67  -2.05966822236395553       35          2
   68   2.05966822236395553       35        331
   69  -2.02704300657401815       36          2
   70   2.02704300657401770       36       3222
   71  -1.99441779078408077       37          2
   72   1.99441779078408077       37       3222
   73  -1.96179257499414339       38          2
   74   1.96179257499414383       38        331
   75  -1.92918922689540673       39          2
   76   1.92918922689540695       39       3222
   77  -1.89658587879666984       40          2
   78   1.89658587879667184       40       3222
   79  -1.86398253069793318       41          2
   80   1.86398253069793385       41        331
   81  -1.83139637412699230       42          2
   82   1.83139637412699274       42       3222
   83  -1.79881021755605119       43          2
   84   1.79881021755605008       43       3222
   85  -1.76622406098511031       44          2
   86   1.76622406098510987       44        331
   87  -1.73364975136961896       45          2
   88   1.73364975136961874       45       3222
   89  -1.70107544175412739       46          2
   90   1.70107544175412695       46       3222
   91  -1.66850113213863604       47          2
   92   1.66850113213863560       47        331
   93  -1.63593286369072288       48          2
   94   1.63593286369072288       48       3222
   95  -1.60336459524280950       49          2
   96   1.60336459524281016       49       3222
   97  -1.57079632679489634       50          2
   98   1.57079632679489634       50        331
   99  -1.53822805834698317       51          2
  100   1.53822805834698384       51       3222
  101  -1.50565978989907001       52          2
  102   1.50565978989907023       52       3222
  103  -1.47309152145115685       53          2
  104   1.47309152145115640       53        331
  105  -1.44051721183566550       54          2
  106   1.44051721183566528       54       3222
  107  -1.40794290222017393       55          2
  108   1.40794290222017349       55       3222
  109  -1.37536859260468258       56          2
  110   1.37536859260468192       56        331
  111  -1.34278243603374148       57          2
  112   1.34278243603374126       57       3222
  113  -1.31019627946280037       58          2
  114   1.31019627946280126       58       3222
  115  -1.27761012289185927       59          2
  116   1.27761012289185905       59        331
  117  -1.24500677479312261       60          2
  118   1.24500677479312216       60       3222
  119  -1.21240342669438594       61          2
  120   1.21240342669438572       61       3222
  121  -1.17980007859564928       62          2
  122   1.17980007859564906       62        331
  123  -1.14717486280571190       63          2
  124   1.14717486280571190       63       3222
  125  -1.11454964701577475       64          2
  126   1.11454964701577408       64       3222
  127  -1.08192443122583737       65          2
  128   1.08192443122583670       65        331
  129  -1.04927352030347953       66          2
  130   1.04927352030347931       66       3222
  131  -1.01662260938112148       67          2
  132   1.01662260938112059       67       3222
  133 -0.983971698458763644       68          2
  134  0.983971698458763089       68        331
  135 -0.951292260099700693       69          2
  136  0.951292260099700915       69       3222
  137 -0.918612821740637631       70          2
  138  0.918612821740636853       70       3222
  139 -0.885933383381574679       71          2
  140  0.885933383381574568       71        331
  141 -0.853223687417728582       72          2
  142  0.853223687417727361       72       3222
  143 -0.820513991453882374       73          2
  144  0.820513991453882818       73       3222
  145 -0.787804295490036277       74          2
  146  0.787804295490036277       74        331
  147 -0.755063777650444079       75          2
  148  0.755063777650444634       75       3222
  149 -0.722323259810851881       76          2
  150  0.722323259810852880       76       3222
  151 -0.689582741971259683       77          2
  152  0.689582741971259683       77        331
  153 -0.656812022375992677       78          2
  154  0.656812022375991678       78       3222
  155 -0.624041302780725560       79          2
  156  0.624041302780725227       79       3222
  157 -0.591270583185458554       80          2
  158  0.591270583185458998       80        331
  159 -0.558471439349795706       81          2
  160  0.558471439349796706       81       3222
  161 -0.525672295514132970       82          2
  162  0.525672295514133303       82       3222
  163 -0.492873151678470123       83          2
  164  0.492873151678470622       83        331
  165 -0.460048447544043337       84          2
  166  0.460048447544042838       84       3222
  167 -0.427223743409616608       85          2
  168  0.427223743409615275       85       3222
  169 -0.394399039275189822       86          2
  170  0.394399039275190322       86        331
  171 -0.361552613393966382       87          2
  172  0.361552613393967937       87       3222
  173 -0.328706187512742887       88          2
  174  0.328706187512741332       88       3222
  175 -0.295859761631519447       89          2
  176  0.295859761631519447       89        331
  177 -0.262996279058939741       90          2
  178  0.262996279058935523       90       3222
  179 -0.230132796486359981       91          2
  180  0.230132796486361230       91       3222
  181 -0.197269313913780275       92          2
  182  0.197269313913780775       92        331
  183 -0.164394087585992693       93          2
  184  0.164394087585994997       93       3222
  185 -0.131518861258205111       94          2
  186  0.131518861258209441       94       3222
  187 -0.986436349304175425E-01   95          2
  188  0.986436349304068150E-01   95       3222
  189 -0.657624232869449543E-01   96          2
  190  0.657624232869417069E-01   96       3222
  191 -0.328812116434723523E-01   97          2
  192  0.328812116434429452E-01   97       3222
#gg4sort - thetasetset ithetasort ithetasort
    1  -3.14159265358979312        1          1
    2  0.247415697782725945E-15    3          3
    3  -3.10871144194632043        5          5
    4   3.10871144194631643        7          7
    5  -3.07583023030284775        9          9
    6   3.07583023030283442       11         11
    7  -3.04294901865937506       13         13
    8   3.04294901865937462       15         15
    9  -3.01007379233158723       17         17
   10   3.01007379233159345       19         19
   11  -2.97719856600379984       21         21
   12   2.97719856600379851       23         23
   13  -2.94432333967601201       25         25
   14   2.94432333967601156       27         27
   15  -2.91145985710343247       29         29
   16   2.91145985710343158       31         31
   17  -2.87859637453085337       33         33
   18   2.87859637453085337       35         35
   19  -2.84573289195827384       37         37
   20   2.84573289195827295       39         39
   21  -2.81288646607705006       41         41
   22   2.81288646607704873       43         43
   23  -2.78004004019582673       45         45
   24   2.78004004019582585       47         47
   25  -2.74719361431460296       49         49
   26   2.74719361431460163       51         51
   27  -2.71436891018017601       53         53
   28   2.71436891018017290       55         55
   29  -2.68154420604574950       57         57
   30   2.68154420604574728       59         59
   31  -2.64871950191132255       61         61
   32   2.64871950191132122       63         63
   33  -2.61592035807565981       65         65
   34   2.61592035807565892       67         67
   35  -2.58312121423999752       69         69
   36   2.58312121423999663       71         71
   37  -2.55032207040433478       73         73
   38   2.55032207040433390       75         75
   39  -2.51755135080906767       77         77
   40   2.51755135080906634       79         79
   41  -2.48478063121380055       81         81
   42   2.48478063121379877       83         83
   43  -2.45200991161853343       85         85
   44   2.45200991161853254       87         87
   45  -2.41926939377894135       89         89
   46   2.41926939377894312       91         91
   47  -2.38652887593934881       93         93
   48   2.38652887593934970       95         95
   49  -2.35378835809975673       97         97
   50   2.35378835809975762       99         99
   51  -2.32107866213591052      101        101
   52   2.32107866213591141      103        103
   53  -2.28836896617206431      105        105
   54   2.28836896617206431      107        107
   55  -2.25565927020821810      109        109
   56   2.25565927020821810      111        111
   57  -2.22297983184915537      113        113
   58   2.22297983184915360      115        115
   59  -2.19030039349009220      117        117
   60   2.19030039349009265      119        119
   61  -2.15762095513102947      121        121
   62   2.15762095513102992      123        123
   63  -2.12497004420867164      125        125
   64   2.12497004420867297      127        127
   65  -2.09231913328631336      129        129
   66   2.09231913328631292      131        131
   67  -2.05966822236395553      133        133
   68   2.05966822236395553      135        135
   69  -2.02704300657401815      137        137
   70   2.02704300657401770      139        139
   71  -1.99441779078408077      141        141
   72   1.99441779078408077      143        143
   73  -1.96179257499414339      145        145
   74   1.96179257499414383      147        147
   75  -1.92918922689540673      149        149
   76   1.92918922689540695      151        151
   77  -1.89658587879666984      153        153
   78   1.89658587879667184      155        155
   79  -1.86398253069793318      157        157
   80   1.86398253069793385      159        159
   81  -1.83139637412699230      161        161
   82   1.83139637412699274      163        163
   83  -1.79881021755605119      165        165
   84   1.79881021755605008      167        167
   85  -1.76622406098511031      169        169
   86   1.76622406098510987      171        171
   87  -1.73364975136961896      173        173
   88   1.73364975136961874      175        175
   89  -1.70107544175412739      177        177
   90   1.70107544175412695      179        179
   91  -1.66850113213863604      181        181
   92   1.66850113213863560      183        183
   93  -1.63593286369072288      185        185
   94   1.63593286369072288      187        187
   95  -1.60336459524280950      189        189
   96   1.60336459524281016      191        191
   97  -1.57079632679489634        2          2
   98   1.57079632679489634      192        192
   99  -1.53822805834698317      190        190
  100   1.53822805834698384      188        188
  101  -1.50565978989907001      186        186
  102   1.50565978989907023      184        184
  103  -1.47309152145115685      182        182
  104   1.47309152145115640      180        180
  105  -1.44051721183566550      178        178
  106   1.44051721183566528      176        176
  107  -1.40794290222017393      174        174
  108   1.40794290222017349      172        172
  109  -1.37536859260468258      170        170
  110   1.37536859260468192      168        168
  111  -1.34278243603374148      166        166
  112   1.34278243603374126      164        164
  113  -1.31019627946280037      162        162
  114   1.31019627946280126      160        160
  115  -1.27761012289185927      158        158
  116   1.27761012289185905      156        156
  117  -1.24500677479312261      154        154
  118   1.24500677479312216      152        152
  119  -1.21240342669438594      150        150
  120   1.21240342669438572      148        148
  121  -1.17980007859564928      146        146
  122   1.17980007859564906      144        144
  123  -1.14717486280571190      142        142
  124   1.14717486280571190      140        140
  125  -1.11454964701577475      138        138
  126   1.11454964701577408      136        136
  127  -1.08192443122583737      134        134
  128   1.08192443122583670      132        132
  129  -1.04927352030347953      130        130
  130   1.04927352030347931      128        128
  131  -1.01662260938112148      126        126
  132   1.01662260938112059      124        124
  133 -0.983971698458763644      122        122
  134  0.983971698458763089      120        120
  135 -0.951292260099700693      118        118
  136  0.951292260099700915      116        116
  137 -0.918612821740637631      114        114
  138  0.918612821740636853      112        112
  139 -0.885933383381574679      110        110
  140  0.885933383381574568      108        108
  141 -0.853223687417728582      106        106
  142  0.853223687417727361      104        104
  143 -0.820513991453882374      102        102
  144  0.820513991453882818      100        100
  145 -0.787804295490036277       98         98
  146  0.787804295490036277       96         96
  147 -0.755063777650444079       94         94
  148  0.755063777650444634       92         92
  149 -0.722323259810851881       90         90
  150  0.722323259810852880       88         88
  151 -0.689582741971259683       86         86
  152  0.689582741971259683       84         84
  153 -0.656812022375992677       82         82
  154  0.656812022375991678       80         80
  155 -0.624041302780725560       78         78
  156  0.624041302780725227       76         76
  157 -0.591270583185458554       74         74
  158  0.591270583185458998       72         72
  159 -0.558471439349795706       70         70
  160  0.558471439349796706       68         68
  161 -0.525672295514132970       66         66
  162  0.525672295514133303       64         64
  163 -0.492873151678470123       62         62
  164  0.492873151678470622       60         60
  165 -0.460048447544043337       58         58
  166  0.460048447544042838       56         56
  167 -0.427223743409616608       54         54
  168  0.427223743409615275       52         52
  169 -0.394399039275189822       50         50
  170  0.394399039275190322       48         48
  171 -0.361552613393966382       46         46
  172  0.361552613393967937       44         44
  173 -0.328706187512742887       42         42
  174  0.328706187512741332       40         40
  175 -0.295859761631519447       38         38
  176  0.295859761631519447       36         36
  177 -0.262996279058939741       34         34
  178  0.262996279058935523       32         32
  179 -0.230132796486359981       30         30
  180  0.230132796486361230       28         28
  181 -0.197269313913780275       26         26
  182  0.197269313913780775       24         24
  183 -0.164394087585992693       22         22
  184  0.164394087585994997       20         20
  185 -0.131518861258205111       18         18
  186  0.131518861258209441       16         16
  187 -0.986436349304175425E-01   14         14
  188  0.986436349304068150E-01   12         12
  189 -0.657624232869449543E-01   10         10
  190  0.657624232869417069E-01    8          8
  191 -0.328812116434723523E-01    6          6
  192  0.328812116434429452E-01    4          4
#gg4sort - bmagset ibmagsort ibmagsort
    1   1.21928718017480220      192        192
    2  0.870919414410572856      132        132
    3   1.21913880640556260      123        123
    4   1.21871007822414024      124        124
    5   1.21800214895089720      125        125
    6   1.21700107636466281      126        126
    7   1.21572498994886846      127        127
    8   1.21417729542427821      128        128
    9   1.21234708660688151      129        129
   10   1.21025344412739932      130        130
   11   1.20790186790954213      131        131
   12   1.20528489672310113      133        133
   13   1.20242177026855934      121        121
   14   1.19931983348653048      134        134
   15   1.19597527320098695      135        135
   16   1.19240675055401635      136        136
   17   1.18862313505524542      137        137
   18   1.18462424929872179      138        138
   19   1.18042754459070443      139        139
   20   1.17604304733620757      140        140
   21   1.17147399883494518      141        141
   22   1.16673615280796583      142        142
   23   1.16184030323460141      122        122
   24   1.15679271668446959      120        120
   25   1.15160712455923231      144        144
   26   1.14629470193275984      108        108
   27   1.14086421274470728       99         99
   28   1.13532720578491420      100        100
   29   1.12969487485245668      101        101
   30   1.12397786884951545      102        102
   31   1.11818554348249033      103        103
   32   1.11232878965451798      104        104
   33   1.10641949657943695      105        105
   34   1.10046493937556589      106        106
   35   1.09447543654229729      107        107
   36   1.08846349000556408      109        109
   37   1.08243449549349124      119        119
   38   1.07639798784423291      110        110
   39   1.07036651322200060      111        111
   40   1.06434384119125491      112        112
   41   1.05833857138918774      113        113
   42   1.05236281682834165      114        114
   43   1.04641899154647433      115        115
   44   1.04051466582631535      116        116
   45   1.03466115362047639      117        117
   46   1.02885977235062209      118        118
   47   1.02311702104211699      143        143
   48   1.01744316891239661      145        145
   49   1.01183866242879206       98         98
   50   1.00630893274126154      146        146
   51   1.00086307703446309      181        181
   52  0.995500850147903238      172        172
   53  0.990226656086656165      173        173
   54  0.985048400474691221      174        174
   55  0.979965274542768494      175        175
   56  0.974980725022528194      176        176
   57  0.970101537188551966      177        177
   58  0.965326417335986009      178        178
   59  0.960657945985203043      179        179
   60  0.956101929043262855      180        180
   61  0.951656624386440719      182        182
   62  0.947323851254484817      170        170
   63  0.943108624398316886      183        183
   64  0.939008758145847389      184        184
   65  0.935025422796023298      185        185
   66  0.931163055314181864      186        186
   67  0.927419011695816309      187        187
   68  0.923793927576433749      188        188
   69  0.920291880659216854      189        189
   70  0.916909746064889064      190        190
   71  0.913647736534266230      191        191
   72  0.910509777333962766      171        171
   73  0.907492243005963872      169        169
   74  0.904595029206966994      147        147
   75  0.901822090801703058      157        157
   76  0.899169293388431101      148        148
   77  0.896636312860550455      149        149
   78  0.894227281762890902      150        150
   79  0.891937565714688518      151        151
   80  0.889766707949796287      152        152
   81  0.887719127427944787      153        153
   82  0.885789719469074477      154        154
   83  0.883977970475354757      155        155
   84  0.882288653183464500      156        156
   85  0.880716243927672782      158        158
   86  0.879260236293865405      168        168
   87  0.877925783595043474      159        159
   88  0.876707014867129653      160        160
   89  0.875603482922095222      161        161
   90  0.874620710948968205      162        162
   91  0.873752569667352930      163        163
   92  0.872998711262712224      164        164
   93  0.872364985347973132      165        165
   94  0.871845106081104326      166        166
   95  0.871438853469065355      167        167
   96  0.871152333264722190        2          2
   97  0.870979211981653956       97         97
   98   0.00000000000000000       96         96
   99   0.00000000000000000       95         95
  100   0.00000000000000000       94         94
  101   0.00000000000000000       93         93
  102   0.00000000000000000       92         92
  103   0.00000000000000000       91         91
  104   0.00000000000000000       90         90
  105   0.00000000000000000       89         89
  106   0.00000000000000000       88         88
  107   0.00000000000000000       87         87
  108   0.00000000000000000       86         86
  109   0.00000000000000000       85         85
  110   0.00000000000000000       84         84
  111   0.00000000000000000       83         83
  112   0.00000000000000000       82         82
  113   0.00000000000000000       81         81
  114   0.00000000000000000       80         80
  115   0.00000000000000000       79         79
  116   0.00000000000000000       78         78
  117   0.00000000000000000       77         77
  118   0.00000000000000000       76         76
  119   0.00000000000000000       75         75
  120   0.00000000000000000       74         74
  121   0.00000000000000000       73         73
  122   0.00000000000000000       72         72
  123   0.00000000000000000       71         71
  124   0.00000000000000000       70         70
  125   0.00000000000000000       69         69
  126   0.00000000000000000       68         68
  127   0.00000000000000000       67         67
  128   0.00000000000000000       66         66
  129   0.00000000000000000       65         65
  130   0.00000000000000000       64         64
  131   0.00000000000000000       63         63
  132   0.00000000000000000       62         62
  133   0.00000000000000000       61         61
  134   0.00000000000000000       60         60
  135   0.00000000000000000       59         59
  136   0.00000000000000000       58         58
  137   0.00000000000000000       57         57
  138   0.00000000000000000       56         56
  139   0.00000000000000000       55         55
  140   0.00000000000000000       54         54
  141   0.00000000000000000       53         53
  142   0.00000000000000000       52         52
  143   0.00000000000000000       51         51
  144   0.00000000000000000       50         50
  145   0.00000000000000000       49         49
  146   0.00000000000000000       48         48
  147   0.00000000000000000       47         47
  148   0.00000000000000000       46         46
  149   0.00000000000000000       45         45
  150   0.00000000000000000       44         44
  151   0.00000000000000000       43         43
  152   0.00000000000000000       42         42
  153   0.00000000000000000       41         41
  154   0.00000000000000000       40         40
  155   0.00000000000000000       39         39
  156   0.00000000000000000       38         38
  157   0.00000000000000000       37         37
  158   0.00000000000000000       36         36
  159   0.00000000000000000       35         35
  160   0.00000000000000000       34         34
  161   0.00000000000000000       33         33
  162   0.00000000000000000       32         32
  163   0.00000000000000000       31         31
  164   0.00000000000000000       30         30
  165   0.00000000000000000       29         29
  166   0.00000000000000000       28         28
  167   0.00000000000000000       27         27
  168   0.00000000000000000       26         26
  169   0.00000000000000000       25         25
  170   0.00000000000000000       24         24
  171   0.00000000000000000       23         23
  172   0.00000000000000000       22         22
  173   0.00000000000000000       21         21
  174   0.00000000000000000       20         20
  175   0.00000000000000000       19         19
  176   0.00000000000000000       18         18
  177   0.00000000000000000       17         17
  178   0.00000000000000000       16         16
  179   0.00000000000000000       15         15
  180   0.00000000000000000       14         14
  181   0.00000000000000000       13         13
  182   0.00000000000000000       12         12
  183   0.00000000000000000       11         11
  184   0.00000000000000000       10         10
  185   0.00000000000000000        9          9
  186   0.00000000000000000        8          8
  187   0.00000000000000000        7          7
  188   0.00000000000000000        6          6
  189   0.00000000000000000        5          5
  190   0.00000000000000000        4          4
  191   0.00000000000000000        3          3
  192   0.00000000000000000        1          1
#gg4metrics - thetares alambdares
    1  0.200000000000000000E+21  0.240717063056910977E-03
    2  0.100000000000000000E+21  0.126427152149927749E-03
    3  0.164406058217363427E-01  0.186559559763565944E-03
    4  0.164406058217358986E-01  0.503216878685352250E-03
    5  0.164391093566130797E-01  0.543787802157051506E-03
    6  0.164376131638939160E-01  0.767762082032349079E-03
    7  0.164376131638946377E-01  0.111191322771891162E-02
    8  0.164346767006070954E-01  0.999903389856389479E-03
    9  0.164317412862896028E-01  0.122166463278372008E-02
   10  0.164317412862896584E-01  0.161216750698764920E-02
   11  0.164274760065756115E-01  0.139632100272170444E-02
   12  0.164232129406117755E-01  0.167916681756231706E-02
   13  0.164232129406117755E-01  0.205881666514698674E-02
   14  0.164177807077116288E-01  0.175542202583899671E-02
   15  0.164123520672134759E-01  0.198703389405639405E-02
   16  0.164123520672131429E-01  0.246859576892193705E-02
   17  0.164059595036066680E-01  0.208604784205413145E-02
   18  0.163995719178312016E-01  0.241138914758869550E-02
   19  0.163995719178312571E-01  0.284924608459733971E-02
   20  0.163924627772874809E-01  0.239265913981869362E-02
   21  0.163853597976336696E-01  0.263625703394680493E-02
   22  0.163853597976335030E-01  0.320491733168764116E-02
   23  0.163778058778380926E-01  0.267770650698840457E-02
   24  0.163702589197959325E-01  0.292693276347773777E-02
   25  0.163702589197962656E-01  0.353798449643069743E-02
   26  0.163625498221929531E-01  0.294255867259100986E-02
   27  0.163548479819232151E-01  0.319698470935514791E-02
   28  0.163548479819232151E-01  0.384984079747977470E-02
   29  0.163472800804416035E-01  0.318794273972174223E-02
   30  0.163397191795314201E-01  0.344708340153614514E-02
   31  0.163397191795311980E-01  0.414130401717808898E-02
   32  0.163325842061261377E-01  0.341419088764007787E-02
   33  0.163254554611791391E-01  0.384858553355486030E-02
   34  0.163254554611791947E-01  0.441285201179240048E-02
   35  0.163190291494317748E-01  0.362138625785310029E-02
   36  0.163126078949686892E-01  0.388843122689883644E-02
   37  0.163126078949685782E-01  0.466477306735542038E-02
   38  0.163071391393981059E-01  0.380946042440231296E-02
   39  0.163016740493681922E-01  0.428893568101060014E-02
   40  0.163016740493683310E-01  0.489726957602301498E-02
   41  0.162973750339985290E-01  0.397826538261741077E-02
   42  0.162930782854707190E-01  0.448108923963491321E-02
   43  0.162930782854706080E-01  0.511053438572690432E-02
   44  0.162901160081282449E-01  0.412761847788580341E-02
   45  0.162871548077457295E-01  0.440301030365946016E-02
   46  0.162871548077457573E-01  0.530480783410550855E-02
   47  0.162856443757901995E-01  0.425733464474519884E-02
   48  0.162841342239564979E-01  0.453475628485580911E-02
   49  0.162841342239566367E-01  0.548041995289698988E-02
   50  0.162841342239565812E-01  0.436724239357937864E-02
   51  0.162841342239565534E-01  0.494619219077411208E-02
   52  0.162841342239567199E-01  0.563781948269004036E-02
   53  0.162856443757903105E-01  0.445718320475520669E-02
   54  0.162871548077457295E-01  0.506467228975695117E-02
   55  0.162871548077457851E-01  0.577759068269870744E-02
   56  0.162901160081283872E-01  0.452698676127761580E-02
   57  0.162930782854703582E-01  0.516537290522673265E-02
   58  0.162930782854705525E-01  0.590045735081473968E-02
   59  0.162973750339985568E-01  0.457642580992208628E-02
   60  0.163016740493683310E-01  0.524870725683992435E-02
   61  0.163016740493683032E-01  0.600727460470215635E-02
   62  0.163071391393981059E-01  0.460513741122929067E-02
   63  0.163126078949686892E-01  0.488991414597779537E-02
   64  0.163126078949687170E-01  0.609900843350906670E-02
   65  0.163190291494317193E-01  0.461249836597828373E-02
   66  0.163254554611790004E-01  0.536505100387972989E-02
   67  0.163254554611790142E-01  0.617670174785131705E-02
   68  0.163325842061261654E-01  0.459744431000735226E-02
   69  0.163397191795315311E-01  0.488463768503222349E-02
   70  0.163397191795315450E-01  0.624142700056939947E-02
   71  0.163472800804414647E-01  0.455817603980919212E-02
   72  0.163548479819230069E-01  0.484633532280942091E-02
   73  0.163548479819229237E-01  0.629421856008362604E-02
   74  0.163625498221929427E-01  0.449170588103661988E-02
   75  0.163702589197959741E-01  0.478038218912655438E-02
   76  0.163702589197961684E-01  0.633597408615102931E-02
   77  0.163778058778387865E-01  0.439308335032936349E-02
   78  0.163853597976335724E-01  0.468135568653617763E-02
   79  0.163853597976333504E-01  0.636729314564225910E-02
   80  0.163924627772872589E-01  0.425399705955793912E-02
   81  0.163995719178314098E-01  0.454005475575135816E-02
   82  0.163995719178314583E-01  0.638817123781224277E-02
   83  0.164059595036069213E-01  0.406001059194384048E-02
   84  0.164123520672136078E-01  0.434032194170970703E-02
   85  0.164123520672132539E-01  0.639730201278042743E-02
   86  0.164177807077108655E-01  0.378452763253313501E-02
   87  0.164232129406119906E-01  0.520968134284071488E-02
   88  0.164232129406119282E-01  0.639013304651518243E-02
   89  0.164274760065757364E-01  0.337349853012184221E-02
   90  0.164317412862897104E-01  0.361267674608789805E-02
   91  0.164317412862892767E-01  0.635172415175858963E-02
   92  0.164346767006069948E-01  0.269809491837680630E-02
   93  0.164376131638933123E-01  0.287106259049891297E-02
   94  0.164376131638954148E-01  0.621450867965715314E-02
   95  0.164391093566163826E-01  0.135271386699844175E-02
   96  0.164406058217386325E-01  0.403217270195364505E-02
   97  0.164406058217358327E-01  0.408710866791760913E-02
   98   0.00000000000000000       0.00000000000000000    
   99   0.00000000000000000       0.00000000000000000    
  100   0.00000000000000000       0.00000000000000000    
  101   0.00000000000000000       0.00000000000000000    
  102   0.00000000000000000       0.00000000000000000    
  103   0.00000000000000000       0.00000000000000000    
  104   0.00000000000000000       0.00000000000000000    
  105   0.00000000000000000       0.00000000000000000    
  106   0.00000000000000000       0.00000000000000000    
  107   0.00000000000000000       0.00000000000000000    
  108   0.00000000000000000       0.00000000000000000    
  109   0.00000000000000000       0.00000000000000000    
  110   0.00000000000000000       0.00000000000000000    
  111   0.00000000000000000       0.00000000000000000    
  112   0.00000000000000000       0.00000000000000000    
  113   0.00000000000000000       0.00000000000000000    
  114   0.00000000000000000       0.00000000000000000    
  115   0.00000000000000000       0.00000000000000000    
  116   0.00000000000000000       0.00000000000000000    
  117   0.00000000000000000       0.00000000000000000    
  118   0.00000000000000000       0.00000000000000000    
  119   0.00000000000000000       0.00000000000000000    
  120   0.00000000000000000       0.00000000000000000    
  121   0.00000000000000000       0.00000000000000000    
  122   0.00000000000000000       0.00000000000000000    
  123   0.00000000000000000       0.00000000000000000    
  124   0.00000000000000000       0.00000000000000000    
  125   0.00000000000000000       0.00000000000000000    
  126   0.00000000000000000       0.00000000000000000    
  127   0.00000000000000000       0.00000000000000000    
  128   0.00000000000000000       0.00000000000000000    
  129   0.00000000000000000       0.00000000000000000    
  130   0.00000000000000000       0.00000000000000000    
  131   0.00000000000000000       0.00000000000000000    
  132   0.00000000000000000       0.00000000000000000    
  133   0.00000000000000000       0.00000000000000000    
  134   0.00000000000000000       0.00000000000000000    
  135   0.00000000000000000       0.00000000000000000    
  136   0.00000000000000000       0.00000000000000000    
  137   0.00000000000000000       0.00000000000000000    
  138   0.00000000000000000       0.00000000000000000    
  139   0.00000000000000000       0.00000000000000000    
  140   0.00000000000000000       0.00000000000000000    
  141   0.00000000000000000       0.00000000000000000    
  142   0.00000000000000000       0.00000000000000000    
  143   0.00000000000000000       0.00000000000000000    
  144   0.00000000000000000       0.00000000000000000    
  145   0.00000000000000000       0.00000000000000000    
  146   0.00000000000000000       0.00000000000000000    
  147   0.00000000000000000       0.00000000000000000    
  148   0.00000000000000000       0.00000000000000000    
  149   0.00000000000000000       0.00000000000000000    
  150   0.00000000000000000       0.00000000000000000    
  151   0.00000000000000000       0.00000000000000000    
  152   0.00000000000000000       0.00000000000000000    
  153   0.00000000000000000       0.00000000000000000    
  154   0.00000000000000000       0.00000000000000000    
  155   0.00000000000000000       0.00000000000000000    
  156   0.00000000000000000       0.00000000000000000    
  157   0.00000000000000000       0.00000000000000000    
  158   0.00000000000000000       0.00000000000000000    
  159   0.00000000000000000       0.00000000000000000    
  160   0.00000000000000000       0.00000000000000000    
  161   0.00000000000000000       0.00000000000000000    
  162   0.00000000000000000       0.00000000000000000    
  163   0.00000000000000000       0.00000000000000000    
  164   0.00000000000000000       0.00000000000000000    
  165   0.00000000000000000       0.00000000000000000    
  166   0.00000000000000000       0.00000000000000000    
  167   0.00000000000000000       0.00000000000000000    
  168   0.00000000000000000       0.00000000000000000    
  169   0.00000000000000000       0.00000000000000000    
  170   0.00000000000000000       0.00000000000000000    
  171   0.00000000000000000       0.00000000000000000    
  172   0.00000000000000000       0.00000000000000000    
  173   0.00000000000000000       0.00000000000000000    
  174   0.00000000000000000       0.00000000000000000    
  175   0.00000000000000000       0.00000000000000000    
  176   0.00000000000000000       0.00000000000000000    
  177   0.00000000000000000       0.00000000000000000    
  178   0.00000000000000000       0.00000000000000000    
  179   0.00000000000000000       0.00000000000000000    
  180   0.00000000000000000       0.00000000000000000    
  181   0.00000000000000000       0.00000000000000000    
  182   0.00000000000000000       0.00000000000000000    
  183   0.00000000000000000       0.00000000000000000    
  184   0.00000000000000000       0.00000000000000000    
  185   0.00000000000000000       0.00000000000000000    
  186   0.00000000000000000       0.00000000000000000    
  187   0.00000000000000000       0.00000000000000000    
  188   0.00000000000000000       0.00000000000000000    
  189   0.00000000000000000       0.00000000000000000    
  190   0.00000000000000000       0.00000000000000000    
  191   0.00000000000000000       0.00000000000000000    
  192   0.00000000000000000       0.00000000000000000    
#gg4results - output grid - thetagrid thetagrid
    1  -3.14159265358979312       1.21928718017480220    
    2  -3.07583023030284775       1.21871007822414024    
    3  -2.97719856600379984       1.21572498994886846    
    4  -2.87859637453085337       1.21025344412739932    
    5  -2.78004004019582673       1.20242177026855934    
    6  -2.68154420604574950       1.19240675055401635    
    7  -2.58312121423999752       1.18042754459070443    
    8  -2.48478063121380055       1.16673615280796583    
    9  -2.38652887593934881       1.15160712455923231    
   10  -2.28836896617206431       1.13532720578491420    
   11  -2.19030039349009220       1.11818554348249033    
   12  -2.09231913328631336       1.10046493937556589    
   13  -1.99441779078408077       1.08243449549349124    
   14  -1.89658587879666984       1.06434384119125491    
   15  -1.79881021755605119       1.04641899154647433    
   16  -1.70107544175412739       1.02885977235062209    
   17  -1.60336459524280950       1.01183866242879206    
   18  -1.47309152145115685      0.990226656086656165    
   19  -1.34278243603374148      0.970101537188551966    
   20  -1.21240342669438594      0.951656624386440719    
   21  -1.08192443122583737      0.935025422796023298    
   22 -0.951292260099700693      0.920291880659216854    
   23 -0.820513991453882374      0.907492243005963872    
   24 -0.689582741971259683      0.896636312860550455    
   25 -0.558471439349795706      0.887719127427944787    
   26 -0.492873151678470123      0.883977970475354757    
   27 -0.427223743409616608      0.880716243927672782    
   28 -0.361552613393966382      0.877925783595043474    
   29 -0.295859761631519447      0.875603482922095222    
   30 -0.230132796486359981      0.873752569667352930    
   31 -0.164394087585992693      0.872364985347973132    
   32 -0.986436349304175425E-01  0.871438853469065355    
   33  0.247415697782725945E-15  0.870919414410572856    
   34  0.986436349304068150E-01  0.871438853469065355    
   35  0.164394087585994997      0.872364985347973132    
   36  0.230132796486361230      0.873752569667352930    
   37  0.295859761631519447      0.875603482922095222    
   38  0.361552613393967937      0.877925783595043474    
   39  0.427223743409615275      0.880716243927672782    
   40  0.492873151678470622      0.883977970475354757    
   41  0.558471439349796706      0.887719127427944787    
   42  0.689582741971259683      0.896636312860550455    
   43  0.820513991453882818      0.907492243005963872    
   44  0.951292260099700915      0.920291880659216854    
   45   1.08192443122583670      0.935025422796023298    
   46   1.21240342669438572      0.951656624386440719    
   47   1.34278243603374126      0.970101537188551966    
   48   1.47309152145115640      0.990226656086656165    
   49   1.60336459524281016       1.01183866242879206    
   50   1.70107544175412695       1.02885977235062209    
   51   1.79881021755605008       1.04641899154647433    
   52   1.89658587879667184       1.06434384119125491    
   53   1.99441779078408077       1.08243449549349124    
   54   2.09231913328631292       1.10046493937556589    
   55   2.19030039349009265       1.11818554348249033    
   56   2.28836896617206431       1.13532720578491420    
   57   2.38652887593934970       1.15160712455923231    
   58   2.48478063121379877       1.16673615280796583    
   59   2.58312121423999663       1.18042754459070443    
   60   2.68154420604574728       1.19240675055401635    
   61   2.78004004019582585       1.20242177026855934    
   62   2.87859637453085337       1.21025344412739932    
   63   2.97719856600379851       1.21572498994886846    
   64   3.07583023030283442       1.21871007822414024    
   65   3.14159265358979312       1.21928718017480220    
#gg4results - output 1/lambda - bset bset
    1   1.21928718017480220       1.21928718017480220    
    2   1.21871007822414024       1.21871007822414024    
    3   1.21572498994886846       1.21572498994886846    
    4   1.21025344412739932       1.21025344412739932    
    5   1.20242177026855934       1.20242177026855934    
    6   1.19240675055401635       1.19240675055401635    
    7   1.18042754459070443       1.18042754459070443    
    8   1.16673615280796583       1.16673615280796583    
    9   1.15160712455923231       1.15160712455923231    
   10   1.13532720578491420       1.13532720578491420    
   11   1.11818554348249033       1.11818554348249033    
   12   1.10046493937556589       1.10046493937556589    
   13   1.08243449549349124       1.08243449549349124    
   14   1.06434384119125491       1.06434384119125491    
   15   1.04641899154647433       1.04641899154647433    
   16   1.02885977235062209       1.02885977235062209    
   17   1.01183866242879206       1.01183866242879206    
   18  0.990226656086656165      0.990226656086656165    
   19  0.970101537188551966      0.970101537188551966    
   20  0.951656624386440719      0.951656624386440719    
   21  0.935025422796023298      0.935025422796023298    
   22  0.920291880659216854      0.920291880659216854    
   23  0.907492243005963872      0.907492243005963872    
   24  0.896636312860550455      0.896636312860550455    
   25  0.887719127427944787      0.887719127427944787    
   26  0.883977970475354757      0.883977970475354757    
   27  0.880716243927672782      0.880716243927672782    
   28  0.877925783595043474      0.877925783595043474    
   29  0.875603482922095222      0.875603482922095222    
   30  0.873752569667352930      0.873752569667352930    
   31  0.872364985347973132      0.872364985347973132    
   32  0.871438853469065355      0.871438853469065355    
   33  0.870919414410572856      0.870919414410572856    
